  2.17944785
  2.21538462
  2.44398340
  2.07256236
  2.07960199
  2.12350598
  2.12408759
  1.86219081
  2.58139534
  2.28181818
  2.45000000
  1.93750000
  2.29411763
  1.89795918
  2.02439024
  2.17605634
  2.44621514
  2.40000000
  2.39726027
  2.32844575
  2.33928571
  2.23015873
  2.02325581
  2.17647058
  2.62962962
  2.57142857
  2.16666666
  2.10714285
  2.23076922
  2.29411764
  2.22807017
  2.17585693
  2.36818182
  2.37435897
  2.44594594
  2.28797468
  2.14117647
  2.13333333
  2.18644067
  2.33802817
  2.82142856
  2.34939759
  2.47222222
  2.23529410
  2.24999999
  2.30555555
  2.10526315
  2.35092348
  2.33333333
  2.32026144
  2.37142857
  2.25641025
  2.22222222
  2.27272727
  2.26436781
  2.32432432
  2.08333332
  2.42857142
  2.68085106
  2.39999998
  2.38461537
  1.90909090
  2.00000000
  1.87548638
  1.86666665
  1.96666666
  2.07894736
  1.81632653
  2.04347825
  2.08196721
  2.17777777
  2.46153844
  1.74999996
  1.90624999
  2.21052630
  1.49999998
  1.19999998
  2.07692307
  1.81481481
  2.40740740
  2.24999998
  1.69230769
  1.94736842
  1.84444444
  1.97222222
  1.95555555
  1.98750000
  2.72727270
  1.87499998
  2.51999999
  1.84615384
  2.18749999
  2.47058822
  1.96969696
  1.87500000
  2.27906976
  2.14285713
  1.91666666
  2.23999999
  1.95652173
  2.88888886
  1.92592592
  1.79411764
  2.08695651
  0.00000000
  1.95238094
  1.84999999
  1.88888887
  2.66666658
  2.11111110
  1.99999999
  2.27777777
  1.88888887
  1.92857142
  2.04878048
  2.22222222
  2.10526315
  2.02631578
  1.83636363
  2.42857139
  2.74999993
  2.14814814
  2.23333333
  2.29999998
  1.99999997
  1.70967741
  1.92405063
  1.90434782
  1.90909089
  2.52941175
  1.88888887
  1.93333332
  2.49999998
  2.06249999
  2.22222220
  2.74999993
  1.99999995
  2.99999998
  2.14285711
  1.66666661
  1.99999980
  1.74999996
  1.39999997
  2.47999999
  2.45454543
  2.54545452
  1.99999999
  2.07692306
  1.74999998
  1.59999999
  2.04999999
  1.59999997
  2.24999997
  1.83333330
  2.16666663
  1.99999996
  2.49999988
  2.57142853
  1.89999999
  2.08695651
  2.14285711
  2.39999998
  1.91666665
  1.99999997
  2.33333326
  2.13333332
  2.33333329
  2.66666658
  1.66666661
  2.59999995
  1.99999993
  0.00000000
  0.00000000
  1.99999996
  2.33333326
  2.35294116
  2.16666665
  2.49999998
  2.19047618
  1.99999998
  1.99999996
  2.59999995
  2.05263157
  2.74999993
  2.19999996
  2.28571425
  3.54545451
  2.49999994
  0.00000000
  2.37499997
  2.21428570
  2.99999990
  1.99999993
  1.74999996
  2.85714282
  3.99999990
  0.99999995
  1.92857141
  1.55555554
  0.00000000
  1.99999980
  2.19999996
  1.99999993
  1.99999990
  1.99999980
  2.16666663
  1.99999999
  3.33333322
  1.99999980
  1.59999997
  1.87499998
  1.87499998
  1.99999997
  1.84615383
  2.06060605
  0.00000000
  1.99999996
  1.83333330
  2.35294116
  0.00000000
  1.74999996
  1.95833333
  1.85454545
  2.49999988
  1.99999980
  1.66666661
  2.33333326
  1.49999993
  1.99999980
  1.99999997
  1.74999998
  1.99999980
  0.00000000
  2.83333329
  2.19999996
  1.99999990
  2.99999985
  1.71428570
  1.99999993
  0.99999995
  1.49999996
  1.74999998
  1.99999998
  2.14285711
  1.99999996
  2.28571425
  2.09523809
  2.99999985
  1.99999980
  2.33333332
  1.93749999
  1.74999996
  2.09999998
  2.10526315
  2.03773585
  2.18855932
  2.20192308
  2.45338983
  2.08097928
  2.32098765
  2.14682540
  2.26056338
  2.18685121
  2.58730158
  2.28275862
  2.41379310
  2.08196721
  2.32258064
  2.29166666
  2.10909091
  2.27544098
  2.41155235
  2.42049470
  2.34545454
  2.19583333
  2.24285714
  2.28654971
  2.23671497
  2.50000000
  2.41176470
  2.47580645
  2.65714285
  2.02040816
  2.15151514
  2.14285714
  2.08620689
  2.23307087
  2.62406015
  2.43189369
  2.39189189
  2.17441860
  2.31578947
  2.23404255
  2.14814814
  2.90265486
  2.28301886
  2.29729730
  2.86486486
  2.31249999
  2.37037036
  2.09523809
  2.19444444
  2.43369176
  2.46927374
  2.49800797
  2.49214660
  2.29473684
  2.46666666
  2.25757576
  2.37795275
  2.49504950
  2.61643835
  2.40718563
  2.43902439
  2.70833332
  2.21874999
  2.32000000
  2.35460993
  2.09090909
  2.49999999
  2.12500000
  2.21428571
  2.05555555
  2.19999999
  2.07291666
  2.01351351
  1.99999999
  2.12499997
  2.21176470
  2.05000000
  1.92857142
  1.76190475
  2.13636363
  2.16494845
  2.04255319
  2.49999999
  2.26582278
  2.19607843
  1.97916666
  2.11111111
  2.07894737
  1.94666667
  2.31999999
  3.05882351
  2.69230769
  2.32231405
  2.03225806
  2.12121211
  2.07299270
  2.13709677
  2.29411764
  1.92307691
  2.06896551
  2.76666666
  1.99999999
  2.29999998
  2.02631578
  2.29999999
  2.35714285
  2.12499997
  2.03750000
  1.90000000
  1.99999998
  2.49999994
  1.93617021
  2.17333333
  2.70833332
  1.99999999
  2.25373134
  2.26530612
  2.23529410
  2.84999999
  1.95714285
  2.03787879
  2.23076922
  1.94999999
  2.18543046
  2.13664596
  1.99999999
  1.90909090
  1.94375000
  2.09779180
  1.99090909
  2.13636363
  2.27586206
  2.42857141
  1.88888888
  2.14285713
  2.27272726
  2.38888888
  2.08333332
  2.49999997
  2.16666665
  2.33333329
  1.49999993
  2.33333329
  2.33333332
  2.16666666
  2.37500000
  2.27272726
  2.36842105
  2.44827585
  2.18749999
  2.04347825
  2.23809523
  2.43902438
  2.37499999
  2.92307690
  2.28571428
  2.27272727
  2.33333329
  2.37499997
  2.08695651
  2.03508772
  1.87499999
  2.41666665
  2.30434782
  2.09999998
  1.99999997
  2.29999998
  2.24999999
  2.12499997
  2.24999997
  2.24999997
  2.31818181
  1.99999998
  1.49999993
  2.33333329
  2.29999998
  2.07692306
  2.14814814
  2.35294116
  2.47058823
  2.23333333
  2.31818181
  2.27272725
  2.10526315
  2.54838709
  2.29999998
  2.19999999
  2.49999999
  2.54901960
  2.66666664
  2.47058822
  2.13793103
  2.12280701
  1.84615383
  2.79999994
  2.49999998
  1.99999999
  2.44444442
  2.19999996
  2.28571427
  1.99999999
  1.99999998
  3.49999983
  2.23999999
  2.15384614
  2.49999997
  1.59999997
  2.16129032
  2.24999999
  1.49999998
  2.24999997
  1.99999999
  2.04999999
  1.66666665
  1.99999999
  2.17499999
  2.21428571
  1.99999996
  3.12499996
  2.38095238
  2.10606060
  1.99999999
  2.27999999
  2.00000000
  2.22549019
  1.66666664
  2.99999970
  1.87499998
  2.16666663
  1.71428569
  0.00000000
  2.11111109
  2.08333332
  1.49999996
  1.66666661
  2.26923076
  1.99999999
  2.24999994
  1.66666661
  2.02777777
  2.10810810
  2.49999996
  1.88888887
  2.19230768
  1.95652173
  2.99999995
  2.37499997
  2.08695651
  2.00000000
  1.87499998
  2.23529410
  2.06153846
  2.28571428
  2.31578946
  2.37037036
  1.84259259
  2.20652174
  2.21012658
  2.30414013
  2.40506329
  2.13675214
  2.24468085
  2.23952096
  2.00000000
  2.27702703
  2.42372881
  2.48128342
  2.26984127
  2.20338983
  2.27272726
  2.19178082
  2.19047619
  2.29201102
  2.53488372
  2.34230769
  2.53125000
  2.30232558
  2.33884297
  2.30065359
  2.23703704
  2.35964912
  2.60000000
  2.54054054
  2.64356435
  2.25000000
  2.11428571
  2.07500000
  2.17647059
  2.27465857
  2.35964912
  2.42307692
  2.43298969
  2.33333333
  2.36363636
  2.07228915
  2.15624999
  2.49101796
  2.45454545
  2.43085106
  2.45333333
  2.79411764
  2.47058822
  2.29230769
  2.07407407
  2.51533742
  2.40000000
  2.40983606
  2.51333333
  2.33000000
  2.49180327
  2.23456790
  2.23880597
  2.42245989
  2.56470588
  2.56937799
  2.69021739
  2.26000000
  2.29999999
  2.15053763
  2.21138211
  2.09090909
  2.70588234
  2.37681159
  2.78048780
  1.82857142
  2.19999999
  1.86956521
  2.09999999
  2.08888888
  2.33333331
  2.30000000
  1.96774193
  2.13636363
  2.15384614
  2.16250000
  2.22580645
  1.92857142
  1.91999999
  2.49180327
  2.21568627
  2.03703703
  2.07692307
  2.11940298
  2.14000000
  2.48717948
  2.28571428
  2.36036036
  2.31111111
  1.95833333
  2.25806451
  2.12500000
  2.04017857
  2.29411764
  1.79999996
  2.16666666
  2.29999998
  2.30769229
  1.79999996
  2.43243243
  2.46153844
  2.35294117
  1.79999998
  2.21782178
  2.25373134
  1.93749999
  2.18181816
  2.00000000
  2.01388889
  2.38888888
  2.11111110
  2.49999999
  2.23684210
  2.49999999
  2.62499998
  2.08928571
  2.20289855
  2.11904761
  2.42857142
  2.06010929
  2.14835165
  1.89285714
  2.18918918
  2.05434782
  2.19917012
  2.15702479
  2.45454543
  2.35999999
  1.91666665
  2.05882352
  2.42857139
  1.99999998
  1.76470587
  2.84210525
  2.39999995
  2.86956520
  2.74999997
  3.79999992
  2.99999970
  1.85714283
  1.99999998
  2.50877193
  2.39999999
  2.63999999
  1.83333333
  2.43478260
  1.89999999
  2.34615384
  1.96666666
  2.42857142
  2.24999998
  2.57692307
  3.17241378
  1.99999998
  1.79999999
  2.34482758
  2.43902438
  2.59090908
  2.59999997
  2.34999999
  2.89999997
  1.99999998
  2.74999993
  1.83333330
  2.59999995
  2.38461537
  2.62499997
  2.62499999
  1.99999997
  2.33333326
  2.99999993
  1.99999998
  2.24999997
  2.62264150
  2.47826086
  2.76315789
  2.05263157
  2.49999999
  2.52941175
  2.40909090
  2.47058823
  2.60526315
  2.60869564
  2.55737704
  2.38181818
  2.59999997
  2.39999998
  2.60714285
  2.35820895
  2.12499997
  3.74999991
  1.91666665
  2.99999995
  1.99999996
  1.79999996
  2.12499999
  1.99999998
  1.66666664
  1.49999993
  2.13636363
  2.66666665
  2.22222220
  1.99999997
  2.20689654
  2.23076923
  2.41666665
  2.09999998
  2.13333332
  2.42307691
  2.14285711
  1.99999999
  2.21212121
  2.28571428
  2.14285713
  2.57142855
  2.20000000
  2.51898734
  2.52941175
  2.19230768
  2.36781609
  2.30769231
  2.39999995
  2.49999988
  1.88888887
  1.59999997
  2.99999985
  3.49999983
  1.99999980
  1.88888887
  2.28571425
  2.49999988
  2.24390243
  2.39999999
  1.83333330
  1.71428569
  2.21874999
  2.28947368
  1.83333330
  2.39999995
  2.31999999
  2.07692307
  2.39999998
  2.41666665
  2.29166666
  2.36363636
  2.23809523
  2.47619046
  2.10769231
  2.34302325
  2.38461537
  2.44444444
  2.17968750
  2.25435540
  2.19825073
  2.26218487
  2.29197080
  2.26771653
  2.33802817
  2.30000000
  2.13235294
  2.25856698
  2.26086956
  2.63291139
  2.58333333
  2.29310344
  2.15789473
  2.28846153
  2.34883720
  2.42317708
  2.53990610
  2.45528455
  2.58646616
  2.33177570
  2.37373737
  2.36090225
  2.19811321
  2.27200000
  2.66666666
  2.64556962
  2.67441860
  2.52941176
  2.42857142
  2.40000000
  2.13084112
  2.25660964
  2.20792079
  2.54117647
  2.35955056
  2.38461538
  2.13636363
  2.42857142
  1.96551723
  2.49655172
  2.34693877
  2.62500000
  2.48437500
  2.41935483
  2.52631578
  2.42857142
  2.14285713
  2.38328530
  2.54109589
  2.44351464
  2.39716312
  2.44444444
  2.48000000
  2.31707317
  2.20779220
  2.48404255
  2.52272727
  2.41700405
  2.61184210
  2.29411764
  2.44680851
  2.21000000
  2.32539682
  2.20657277
  2.13043477
  2.05172413
  2.39285713
  1.99999999
  1.93333332
  2.27083333
  1.78260869
  2.41025640
  2.43478260
  2.28000000
  2.12000000
  2.13157894
  2.23076921
  2.12048193
  2.44927536
  2.28571428
  2.96153845
  2.07575757
  2.34615384
  2.05405405
  1.94871794
  2.06756756
  2.30882353
  2.15094339
  2.39999999
  2.31538461
  2.44666667
  2.10526315
  1.99999999
  2.23076923
  2.18316832
  2.65853658
  1.85714283
  2.00000000
  1.84210525
  2.43749998
  2.66666658
  2.26923076
  2.08333332
  2.00000000
  2.06666665
  2.22068965
  2.13513513
  2.61538460
  2.36363634
  2.23809523
  2.06382978
  2.65116278
  2.23529410
  2.01562500
  2.18367346
  2.49999999
  2.14999999
  2.08000000
  2.21666666
  2.31147541
  2.31707317
  2.20487805
  2.31963470
  2.02631578
  2.34210526
  2.22043011
  2.29491525
  2.00000000
  2.38461537
  2.35714284
  2.28571425
  2.23076921
  2.16666665
  1.99999998
  2.42857139
  2.38461537
  2.33333326
  2.85714284
  2.28571425
  2.19999996
  1.79999996
  2.06666665
  2.44444442
  2.39655172
  2.56521738
  2.40540540
  2.58620689
  2.23999999
  1.89999998
  2.11111110
  2.63636362
  2.66666666
  2.69999997
  2.89285713
  2.57692307
  2.24999999
  2.28571427
  2.17142857
  2.22222222
  2.79166666
  3.85714280
  2.27777777
  2.41666665
  1.99999993
  0.00000000
  2.57142853
  1.99999995
  2.53333332
  1.83333330
  2.23529410
  2.64285712
  1.99999996
  2.24999994
  2.99999994
  2.42857139
  2.60344827
  2.59259258
  2.63157894
  2.49999999
  2.46153844
  2.41176469
  2.21052630
  2.39999999
  2.97368420
  2.31999999
  2.85937500
  2.50000000
  2.16666665
  2.77777775
  2.45238095
  2.34177215
  2.59999995
  1.49999993
  2.49999998
  2.24999994
  0.99999995
  1.66666661
  2.62499997
  1.91666665
  1.49999998
  2.79999994
  2.15384615
  1.99999999
  2.08333332
  2.08333332
  2.55172413
  2.35294117
  2.05263157
  1.99999998
  2.27272726
  2.17391303
  2.49999998
  2.43749998
  2.19999999
  2.22916666
  2.76190475
  2.43478260
  2.22784810
  2.53333333
  2.28571427
  2.30303030
  2.24489796
  2.40807175
  2.59999995
  2.49999988
  2.45454543
  1.99999998
  2.66666658
  0.00000000
  2.69999997
  1.39999997
  2.81818179
  1.99999996
  2.06250000
  2.14814814
  2.39999995
  2.99999985
  2.26086956
  2.58333333
  2.31249999
  2.24999998
  2.29166666
  3.11111110
  1.99999995
  2.66666665
  2.33333332
  2.79487179
  2.52499999
  2.33333332
  2.28651685
  2.37810945
  2.33333332
  2.65384614
  2.21582734
  2.41002950
  2.35471698
  2.27586207
  2.54545454
  2.17607973
  2.24137931
  2.23595505
  2.02380952
  2.25862069
  2.30232558
  2.26050420
  2.66666666
  2.13157894
  2.47058822
  2.28260869
  2.08333332
  2.47450425
  2.91411043
  2.68472906
  2.40800000
  2.45569620
  2.50000000
  2.16842105
  2.21052631
  2.33057851
  3.03773584
  2.74803149
  2.42528735
  2.27659574
  2.13333333
  2.26666666
  2.32394366
  2.35145631
  2.41891892
  2.40588235
  2.42592592
  2.16981132
  2.15384614
  2.29032257
  2.48275861
  2.50434782
  2.59459459
  2.62500000
  2.42553191
  2.36842104
  2.99999994
  2.27586206
  2.84615384
  2.56765676
  2.53211009
  2.40579710
  2.73626373
  2.20238095
  2.60784313
  2.33333333
  2.38235294
  2.32258064
  2.66666666
  2.39428571
  2.57522124
  2.48148148
  2.58823528
  2.58333333
  2.27835051
  2.23923445
  2.33333332
  2.40624999
  2.77272726
  1.88888888
  2.94117645
  2.11764705
  1.88235293
  2.63414634
  3.23529410
  2.23188405
  2.56410256
  2.26315788
  1.90909089
  2.00000000
  2.17073170
  2.42857142
  2.39285713
  2.39285714
  2.06976744
  1.79166666
  2.38235293
  2.21428571
  2.07936508
  2.55102040
  2.18181817
  2.32000000
  2.20312500
  2.21052631
  2.16666666
  2.25438596
  2.29473684
  2.29999999
  1.85714284
  1.95833333
  1.76190475
  2.23076921
  2.66666658
  2.41666665
  2.49999997
  2.30769230
  1.87499999
  2.19491525
  2.50980392
  2.88888887
  1.89999998
  2.07352941
  2.04761904
  2.47058823
  2.44117646
  2.69811320
  2.46938775
  2.49999999
  2.53333332
  2.87755101
  2.37254901
  2.53731343
  2.12903225
  2.37556561
  2.39130435
  2.36363636
  2.22222221
  2.40414508
  2.60204082
  2.49019608
  2.24999994
  1.99999999
  2.16666663
  1.74999998
  2.33333329
  1.83333330
  2.33333331
  1.99999999
  2.33333326
  2.47058822
  2.74999993
  2.85714282
  1.99999990
  2.28571425
  2.49999996
  2.70370370
  2.47058822
  2.32352940
  2.29999998
  2.20833332
  2.33333332
  1.99999999
  2.68749998
  2.31818181
  1.99999999
  2.24999999
  2.31249999
  2.57142855
  1.99999998
  1.88888888
  2.24137930
  2.99999999
  2.16666663
  2.68749998
  2.99999990
  2.49999988
  2.99999970
  1.99999990
  2.49999994
  1.99999997
  2.99999990
  2.36842104
  2.49999994
  2.59999995
  1.99999990
  2.49999996
  1.99999993
  2.64912280
  2.55555554
  2.54838709
  2.59090908
  2.49999998
  2.49999996
  2.74999998
  2.27272726
  2.59999999
  2.87499998
  2.56521739
  2.65217391
  2.33333331
  2.36363634
  2.55555555
  2.73684210
  2.47058822
  1.49999993
  2.29999998
  1.99999995
  3.99999990
  1.49999993
  1.49999996
  1.99999996
  2.45454543
  2.33333329
  1.99999999
  2.42857142
  2.39999995
  2.99999993
  2.46666665
  2.66666666
  2.61111110
  2.30769229
  2.39999999
  2.18181817
  2.59999998
  2.42857141
  2.34999999
  2.36842105
  2.53846153
  2.05882352
  2.44827586
  2.65555555
  2.92307690
  2.45833332
  2.44565217
  2.52795031
  2.14285711
  2.99999970
  3.38461536
  2.59999995
  1.74999996
  1.99999980
  2.16666663
  3.99999980
  2.19999998
  1.42857141
  2.52499999
  2.37142856
  2.74999993
  1.99999990
  2.65384614
  2.44999999
  2.34999999
  2.76923075
  2.21621621
  2.72727271
  2.09999998
  2.24999997
  2.07999999
  3.03448275
  2.63888888
  2.32142856
  2.60784314
  2.49740933
  2.27999999
  3.08333332
  2.59731543
  2.52666667
  2.29113924
  2.37383177
  2.67391304
  2.40571428
  2.63636363
  2.37209302
  2.54999999
  2.29655172
  2.28571427
  2.32727272
  3.19999998
  2.23529410
  2.14285711
  2.05263157
  1.99999997
  2.47637795
  2.48421052
  2.38053097
  2.58490566
  2.48076923
  2.36170212
  2.22000000
  2.34146341
  2.76623376
  2.54838709
  2.46428571
  2.09756097
  2.48571428
  2.15384614
  2.09090908
  2.04999999
  2.46153846
  2.56896551
  2.65517241
  3.05263156
  2.27777777
  1.99999998
  2.29411763
  2.49999998
  2.47272727
  2.66666665
  2.59574468
  2.33333332
  3.24999997
  2.74999993
  2.35294116
  2.59999997
  2.70370370
  2.47457627
  2.75247524
  2.63265306
  2.46153846
  2.35135134
  2.18749999
  2.46666666
  2.75903614
  2.54999999
  2.96428571
  2.50943396
  2.38461538
  2.39999998
  1.99999999
  2.83333333
  2.16030534
  1.59999997
  2.14285714
  2.59999997
  1.95238094
  2.24999994
  1.94117646
  1.89999998
  2.47619046
  2.71428568
  2.18750000
  2.73684209
  2.89999997
  2.24999994
  2.33333332
  2.58823528
  2.60869565
  2.10526315
  2.27027026
  2.28571427
  2.34999999
  2.35714284
  2.65789473
  2.59999999
  2.58974358
  2.74999999
  2.31343283
  2.42222222
  1.96296296
  1.74999999
  2.77999999
  2.37647059
  2.51282051
  2.42857139
  2.30769230
  1.99999990
  2.90909088
  2.99999970
  1.99999998
  2.28571425
  2.46428571
  1.59999997
  2.17307692
  2.58823528
  3.37499996
  2.24999994
  1.99999999
  2.16666665
  2.69642857
  2.18181817
  2.14999999
  2.49999999
  2.92857141
  2.15384614
  2.40624999
  2.52941176
  2.66666666
  2.24999999
  2.51111111
  2.53571428
  2.29166666
  2.61538460
  2.32876712
  2.38372093
  2.20731707
  2.28571425
  2.42857141
  2.83333329
  2.37499997
  0.00000000
  1.99999990
  0.99999990
  2.19999996
  1.99999980
  1.99999995
  0.99999990
  3.99999960
  2.49999988
  0.00000000
  0.00000000
  2.45312500
  2.56249998
  2.49999998
  2.71428568
  3.44444441
  2.24999994
  1.99999998
  3.19999994
  2.41666666
  2.79999994
  3.66666663
  2.99999996
  2.19999996
  2.24999994
  3.99999990
  3.19999997
  2.79166666
  3.99999990
  3.11111108
  3.99999987
  2.74999993
  1.49999993
  2.49999988
  6.99999930
  2.49999998
  5.49999973
  2.45454543
  2.49999988
  1.99999980
  1.99999980
  0.99999990
  1.99999980
  3.16666666
  2.99999998
  2.51999999
  2.63636361
  2.49999997
  2.71428568
  2.62499997
  2.87499996
  2.74999999
  2.33333331
  2.79999998
  2.27272725
  2.16666663
  2.33333329
  2.33333331
  2.49999998
  2.33333331
  1.99999990
  2.28571425
  2.66666662
  1.99999995
  0.00000000
  0.00000000
  1.99999995
  2.66666662
  1.99999993
  2.41666665
  2.83333329
  2.19999996
  1.99999980
  1.99999995
  2.37499997
  2.61111110
  3.39999993
  2.16666665
  2.46666665
  2.49999997
  2.74999998
  2.09090907
  2.66666665
  2.26666665
  1.89999998
  2.10344827
  2.59259258
  2.49999997
  2.09090907
  2.19999999
  2.36363636
  2.58333331
  1.33333329
  2.29999998
  3.33333322
  3.99999980
  1.99999980
  3.49999983
  3.49999983
  3.54545451
  3.66666661
  2.22222221
  2.24999997
  1.49999996
  1.99999980
  2.49999998
  2.63636361
  3.30434781
  2.63636361
  2.49999999
  2.06666665
  2.99999998
  2.99999990
  2.66666665
  2.53333332
  2.76470587
  2.35294116
  2.71875000
  2.60439560
  2.53333332
  3.42857138
  2.69387755
  2.72972973
  2.34567901
  2.73239436
  1.99999998
  2.48333333
  2.29411763
  1.79999998
  2.71428568
  2.76744186
  2.49999994
  2.15789473
  3.33333322
  1.99999997
  3.33333322
  2.33333326
  2.74999993
  2.59516616
  2.85454545
  2.57692307
  2.49999999
  2.74193548
  2.47826086
  2.52380951
  2.99999997
  2.76315789
  2.12499999
  2.49999999
  2.74999998
  1.83333332
  2.99999993
  2.91666664
  2.72727270
  2.90612245
  2.94736841
  2.74999999
  3.14285710
  3.35999999
  2.66666658
  2.37499997
  1.49999993
  2.62499999
  1.99999990
  2.93333331
  2.74999993
  2.19999996
  1.99999980
  1.99999993
  2.49999988
  3.01408450
  2.51515151
  2.48387096
  2.42857141
  2.79999999
  2.29999998
  2.74999998
  2.35714284
  2.90322580
  2.88888886
  2.72727271
  2.55555553
  1.74999996
  3.79999992
  2.09999998
  2.36363634
  2.74038461
  4.19999992
  2.39999998
  4.49999978
  2.74999997
  2.39999995
  2.49999988
  0.99999990
  2.63636361
  1.99999980
  3.99999992
  0.00000000
  2.33333326
  1.99999980
  3.39999993
  3.66666654
  3.23529411
  3.45454542
  2.24137930
  2.22222220
  2.14285713
  2.83333329
  2.71428569
  2.79999997
  2.71428570
  2.49999998
  2.19047618
  2.54545452
  2.66666664
  0.00000000
  2.06666665
  2.34999999
  3.51111110
  2.49999994
  2.59999997
  2.22222220
  4.28571422
  0.00000000
  2.33333326
  2.49999988
  2.43749998
  2.99999990
  3.13333331
  2.49999994
  3.19999994
  2.99999985
  2.12499997
  2.49999988
  3.12499999
  3.71428569
  2.69565216
  2.71428568
  2.73333332
  1.99999996
  3.33333331
  2.36363634
  2.39999998
  2.09090907
  2.22222221
  2.55999999
  2.66666665
  2.71428568
  2.26923076
  2.49999999
  2.76119403
  2.99999993
  4.33333326
  0.00000000
  2.74999993
  1.99999993
  0.99999995
  0.00000000
  3.19999994
  0.00000000
  2.99999990
  0.00000000
  0.00000000
  0.00000000
  0.00000000
  1.99999990
  2.99999999
  3.14285710
  2.74999998
  1.99999993
  2.99999994
  0.99999997
  4.99999950
  1.99999993
  3.33333328
  2.99999990
  2.49999988
  2.99999970
  3.99999992
  0.99999990
  5.49999973
  2.49999994
  3.09999998
  2.24999994
  4.79999990
  2.99999990
  5.99999970
  0.00000000
  0.00000000
  1.99999980
  2.49999996
  3.33333322
  2.99999985
  0.00000000
  2.99999970
  2.99999970
  0.00000000
  0.00000000
  2.46153846
  2.79999994
  3.22222219
  2.74999993
  3.39999997
  2.99999993
  3.24999996
  2.99999985
  2.37499997
  1.99999995
  2.33333326
  2.49999988
  2.99999990
  5.99999940
  1.99999980
  2.99999990
  4.53846150
  0.00000000
  3.33333322
  0.00000000
  2.33333326
  2.99999970
  1.99999980
  0.99999990
  1.99999998
  0.99999990
  3.99999980
  3.99999960
  2.33333326
  4.99999950
  3.66666654
  2.24999994
  3.19999998
  3.19999994
  2.99999996
  1.99999980
  1.99999993
  2.66666662
  2.99999990
  2.33333329
  3.93333331
  2.79999994
  2.05882352
  1.99999990
  1.59999997
  3.16666661
  2.71428568
  2.36363634
  3.41176469
  1.99999990
  2.19999996
  0.00000000
  0.99999990
  0.00000000
  1.99999980
  2.99999970
  3.39999993
  0.99999990
  2.28571425
  1.33333329
  0.00000000
  0.00000000
  1.99999990
  0.00000000
  3.79999998
  3.49999991
  3.39999997
  1.99999993
  2.85714282
  2.66666658
  2.42857139
  1.99999990
  2.66666664
  2.77777775
  2.58333331
  2.67999999
  3.14285710
  3.19999997
  2.77777776
  2.68749999
  3.56250000
  3.58860759
  2.28571425
  3.41566265
  2.62499997
  3.29999997
  2.24999994
  3.78947368
  2.55555553
  3.39999993
  4.99999950
  2.85714282
  2.49999988
  0.00000000
  0.00000000
  3.30191972
  3.06557377
  3.64285713
  2.83333331
  3.14492753
  3.63157893
  3.63636360
  3.19999994
  3.79411764
  2.14285711
  4.99999983
  3.49999983
  2.49999997
  2.74999993
  3.59999993
  2.83333329
  3.52116402
  3.93333331
  3.63636363
  3.99999960
  3.34883720
  4.49999978
  3.99999987
  0.00000000
  4.14999998
  1.99999980
  2.99999993
  4.49999978
  4.49999978
  0.99999990
  0.00000000
  0.00000000
  3.55026455
  3.43999999
  3.34999998
  3.19999994
  3.77419354
  3.59999993
  2.85714282
  0.00000000
  3.68421051
  2.99999997
  2.66666662
  3.19999994
  2.99999985
  2.99999985
  1.99999993
  3.99999987
  3.90116279
  4.33333330
  4.47368419
  4.99999950
  3.09523808
  0.00000000
  2.99999970
  2.33333326
  3.76923074
  3.66666654
  1.99999995
  4.99999975
  3.66666661
  0.00000000
  1.99999980
  4.99999975
  4.21538461
  4.77777772
  4.23529409
  4.99999990
  5.04545452
  3.99999992
  3.66666661
  2.66666658
  4.28571422
  3.19999994
  2.24999994
  4.66666659
  3.79999992
  2.33333326
  2.49999994
  3.16666661
  3.83076922
  3.74999995
  3.59999996
  3.99999960
  2.99999998
  3.74999991
  3.99999990
  1.99999980
  3.27777776
  5.19999990
  3.28571424
  3.49999983
  0.99999990
  0.00000000
  3.74999991
  1.99999980
  3.99999999
  3.18181815
  4.15384612
  2.66666658
  4.61538458
  2.74999993
  2.49999988
  3.49999983
  2.94444443
  7.24999982
  3.12499996
  4.49999989
  3.66666661
  2.99999993
  3.99999994
  3.49999998
  3.31325301
  4.49999978
  3.28571424
  3.49999983
  2.49999994
  3.49999983
  3.99999980
  0.00000000
  3.24999996
  0.00000000
  0.00000000
  0.00000000
  2.99999970
  0.00000000
  0.00000000
  0.00000000
  3.62962962
  3.16666661
  3.16666661
  0.00000000
  3.38461536
  3.49999983
  4.49999978
  0.00000000
  2.85714282
  3.66666654
  6.99999930
  0.00000000
  2.99999970
  4.99999975
  3.49999983
  2.99999970
  3.28124999
  3.49999983
  3.33333322
  0.00000000
  4.49999989
  0.00000000
  4.99999950
  0.00000000
  3.49999991
  0.00000000
  0.00000000
  0.00000000
  5.99999940
  0.00000000
  0.00000000
  0.00000000
  4.48148146
  3.33333322
  3.79999992
  3.99999960
  4.87499994
  0.00000000
  1.49999993
  1.99999980
  1.99999995
  2.49999988
  1.99999993
  4.99999950
  0.00000000
  3.99999980
  3.99999960
  4.99999950
  3.64285712
  0.99999990
  2.24999994
  0.00000000
  3.66666661
  0.99999990
  1.99999980
  5.99999940
  2.99999994
  0.00000000
  3.33333322
  2.49999988
 10.99999890
  0.00000000
  0.00000000
  7.99999920
  3.87499998
  2.66666662
  3.39999993
  7.49999963
  2.99999985
  0.99999990
  9.99999900
  0.00000000
  4.88888883
  2.99999990
  3.49999991
  4.49999978
  2.39999995
  3.99999990
  2.49999988
  3.85714280
  3.81818180
  3.99999960
  8.33333306
  3.99999960
  2.79999994
  4.99999950
  0.00000000
  2.99999970
  5.74999986
  4.99999950
  4.16666660
  0.00000000
  0.00000000
  0.00000000
  0.00000000
  3.49999983
  3.62499999
  3.99999994
  4.44444440
  3.33333322
  3.42857138
  2.49999988
  4.33333319
  1.99999980
  3.07692305
  4.66666651
  5.39999989
  2.99999996
  3.49999983
  4.49999978
  3.99999993
  3.22222219
