  0.69238378
  0.42492918
  0.00000000
  0.16286645
  0.85106383
  0.69444444
  0.00000000
  0.63559322
  0.00000000
  0.00000000
  1.42857143
  0.00000000
  0.00000000
  0.00000000
  0.00000000
  0.70876289
  1.15273775
  0.28985507
  0.00000000
  0.48780488
  0.54644809
  0.00000000
  0.00000000
  0.00000000
  7.14285712
  2.12765957
  0.00000000
  0.00000000
  0.00000000
  0.00000000
  0.00000000
  1.49476831
  0.35211268
  0.19960080
  0.00000000
  1.31926121
  0.00000000
  0.00000000
  0.00000000
  2.22222222
  0.00000000
  0.00000000
  2.27272727
  0.00000000
  0.00000000
  0.00000000
  0.00000000
  1.91204589
  0.00000000
  0.45871560
  0.66666667
  1.01010101
  1.14942529
  0.95238095
  0.00000000
  0.00000000
  0.00000000
  1.69491525
  1.85185185
  5.26315787
  5.88235291
  0.00000000
  0.00000000
  0.45045045
  0.00000000
  0.00000000
  0.00000000
  1.92307692
  0.00000000
  0.00000000
  0.00000000
  0.00000000
  0.00000000
  0.00000000
  0.00000000
  0.00000000
  0.00000000
  0.00000000
  0.00000000
  0.00000000
  8.33333326
  0.00000000
  0.00000000
  0.00000000
  0.00000000
  2.12765957
  0.00000000
  0.00000000
  0.00000000
  0.00000000
  0.00000000
  0.00000000
  0.00000000
  2.85714285
  0.00000000
  6.24999999
  0.00000000
  0.00000000
  0.00000000
  3.84615383
  0.00000000
  0.00000000
  2.70270270
  0.00000000
  0.00000000
  0.00000000
  0.00000000
  9.09090901
 24.99999938
  3.12499999
  0.00000000
  0.00000000
  0.00000000
  0.00000000
  0.00000000
  0.00000000
  0.00000000
  0.00000000
  0.00000000
 14.28571408
  0.00000000
  0.00000000
  0.00000000
  0.00000000
  0.00000000
  0.00000000
  0.00000000
  2.36966825
  0.00000000
  0.00000000
  0.00000000
  0.00000000
  0.00000000
  0.00000000
  0.00000000
 19.99999960
  0.00000000
  7.69230763
  0.00000000
 24.99999938
  0.00000000
  0.00000000
  0.00000000
 10.25641023
  0.00000000
  0.00000000
  5.88235292
  5.26315787
  0.00000000
  0.00000000
  0.00000000
  0.00000000
  0.00000000
  0.00000000
  0.00000000
  0.00000000
  0.00000000
  0.00000000
  0.00000000
  7.14285712
  0.00000000
  6.66666662
  0.00000000
  0.00000000
  0.00000000
  0.00000000
  0.00000000
  0.00000000
 24.99999938
  0.00000000
  0.00000000
  0.00000000
  0.00000000
  0.00000000
  0.00000000
  7.69230766
  4.76190474
  7.40740738
  8.33333331
  0.00000000
 11.11111099
  0.00000000
  0.00000000
  0.00000000
  0.00000000
  0.00000000
  6.66666662
  0.00000000
  0.00000000
  0.00000000
  0.00000000
  0.00000000
  0.00000000
  0.00000000
  0.00000000
  0.00000000
  0.00000000
  0.00000000
  0.00000000
  0.00000000
  0.00000000
  0.00000000
  0.00000000
  0.00000000
  0.00000000
  0.00000000
  0.00000000
  0.00000000
  0.00000000
  0.00000000
  0.00000000
  0.00000000
  0.00000000
  0.00000000
  0.00000000
  0.00000000
  0.00000000
  0.00000000
  0.00000000
  0.00000000
  0.00000000
  0.00000000
  1.75438596
  0.00000000
  0.00000000
  0.00000000
  0.00000000
  0.00000000
  0.00000000
  0.00000000
  0.00000000
  0.00000000
  0.00000000
  0.00000000
  0.00000000
  0.00000000
  0.00000000
  0.00000000
 24.99999938
  0.00000000
 24.99999938
  0.00000000
  0.00000000
  0.00000000
  0.00000000
  0.00000000
  0.00000000
  0.00000000
  0.00000000
  0.00000000
  0.00000000
  0.00000000
  0.00000000
  0.00000000
  0.00000000
  0.96774194
  1.25435540
  1.38568129
  1.54241645
  0.53475936
  0.00000000
  1.21951219
  1.18577075
  1.31578947
  1.68539326
  0.93457944
  0.00000000
  0.00000000
  0.00000000
  0.00000000
  1.71585450
  1.77865613
  0.91240876
  1.44927536
  1.06007067
  0.00000000
  0.46511628
  1.64609053
  1.90476190
  1.19047619
  0.70921986
  0.78740157
  1.75438596
  0.00000000
  0.00000000
  0.00000000
  1.98789974
  1.48514851
  1.65441176
  0.88105727
  0.00000000
  0.00000000
  0.00000000
  1.51515151
  2.18978102
  0.00000000
  1.07526882
  0.00000000
  0.00000000
  0.00000000
  0.00000000
  2.38095238
  2.86298568
  0.68493151
  0.88691796
  1.11420613
  0.95238095
  0.00000000
  0.00000000
  1.36054422
  1.53846154
  0.00000000
  0.98522167
  0.98522167
  0.00000000
  0.00000000
  0.00000000
  0.00000000
  0.91324201
  0.00000000
  0.00000000
  0.00000000
  0.00000000
  0.00000000
  0.99009901
  1.28205128
  0.00000000
  0.00000000
  0.00000000
  0.00000000
  3.44827585
  0.00000000
  0.00000000
  0.00000000
  0.00000000
  0.00000000
  1.19047619
  1.69491525
  0.00000000
  0.00000000
  0.00000000
  0.60606061
  0.00000000
  0.00000000
  0.00000000
  0.00000000
  0.00000000
  0.00000000
  0.00000000
  0.75187970
  2.70270270
  0.00000000
  1.56250000
  0.00000000
  0.00000000
  0.00000000
  0.00000000
  2.43902438
  0.00000000
  0.00000000
  0.00000000
  0.00000000
  0.00000000
  0.00000000
  0.00000000
  1.20481928
 10.34482755
  0.00000000
  0.00000000
  1.85185185
  4.99999997
  3.84615383
  2.73972602
  0.00000000
  0.00000000
  4.54545452
  0.60240964
  0.54644809
  0.00000000
  2.94117646
  1.13636364
  0.57306590
  3.73443983
  0.00000000
  1.26582278
  0.00000000
  0.00000000
  6.66666662
  0.00000000
  4.99999997
 11.76470581
  0.00000000
  5.26315787
  9.99999990
  0.00000000
  0.00000000
  0.00000000
  0.00000000
  9.24369747
  3.12500000
  5.76923076
  6.60377358
  6.06060604
  0.00000000
  0.00000000
  0.00000000
  0.00000000
  7.69230763
  0.00000000
  0.00000000
  0.00000000
  0.00000000
  0.00000000
  1.66666666
  8.82352939
  5.55555552
  2.17391304
  0.00000000
  0.00000000
  0.00000000
  0.00000000
  0.00000000
 11.11111105
  0.00000000
  3.70370369
  0.00000000
  0.00000000
  0.00000000
  0.00000000
  0.00000000
 12.16216215
  6.38297871
  2.88461538
  1.94174757
  0.00000000
  0.00000000
  0.00000000
  0.00000000
  5.88235291
  8.33333330
  8.33333332
  3.17460317
  0.00000000
  0.00000000
  2.77777777
  2.98507462
  0.00000000
  0.00000000
  7.69230763
  0.00000000
  0.00000000
  0.00000000
  0.00000000
  0.00000000
  0.00000000
 33.33333222
  0.00000000
  0.00000000
  0.00000000
  0.00000000
  0.00000000
  0.00000000
 11.11111099
  0.00000000
  0.00000000
  4.16666665
  0.00000000
  0.00000000
  2.32558139
  0.00000000
  0.00000000
  0.00000000
  0.00000000
  1.44927536
  0.00000000
  0.00000000
  0.00000000
  0.45248869
  0.00000000
  0.00000000
  0.00000000
  0.00000000
  0.00000000
  0.00000000
  0.00000000
  0.00000000
  0.00000000
  0.00000000
  0.00000000
  3.84615383
  0.00000000
 24.99999938
  0.00000000
  0.00000000
 14.28571408
  0.00000000
  0.00000000
  0.00000000
 11.11111099
  9.09090901
  0.00000000
  0.00000000
  0.00000000
  5.55555552
  5.63380281
  0.00000000
  5.26315787
  0.00000000
  1.68067227
  1.65016502
  1.41643059
  1.61160355
  0.66666667
  1.57977883
  0.91743119
  0.00000000
  0.00000000
  2.71398747
  2.63157894
  1.72413793
  0.00000000
  0.00000000
  0.00000000
  0.00000000
  0.00000000
  3.01470588
  0.93457944
  2.48565966
  2.20125786
  1.54440154
  0.00000000
  0.54347826
  1.25786163
  1.98675497
  2.38095238
  1.65745856
  0.72463768
  0.00000000
  2.27272727
  1.00000000
  1.01010101
  2.83018868
  3.33333333
  2.24032587
  1.78571428
  2.32558139
  0.00000000
  1.00000000
  0.00000000
  1.47783251
  0.00000000
  0.83682008
  1.01010101
  2.27272727
  4.76190474
  1.19047619
  0.00000000
  3.16344464
  2.35294118
  2.19298246
  2.12014134
  0.83333333
  1.47058823
  2.75229358
  0.00000000
  4.34782609
  0.84745763
  2.43055555
  1.67364017
  3.38983050
  0.00000000
  0.89285714
  2.05479452
  3.02267002
  4.54545452
  0.00000000
  0.00000000
  0.00000000
  0.00000000
  0.00000000
  0.00000000
  1.85185185
  0.00000000
  2.02020202
  0.00000000
  0.00000000
  0.00000000
  0.00000000
  0.00000000
  0.00000000
  0.00000000
  0.00000000
  0.00000000
  0.00000000
  0.00000000
  0.00000000
  0.89285714
  2.43902438
  0.00000000
  0.84745763
  0.92592593
  0.00000000
  0.00000000
  0.00000000
  0.40322581
  2.56410256
  0.00000000
  0.00000000
  0.00000000
  0.00000000
  0.00000000
  0.00000000
  0.00000000
  2.85714285
  0.00000000
  0.00000000
  0.00000000
  0.00000000
  0.00000000
  0.00000000
  0.00000000
  2.56410256
  0.00000000
  0.00000000
  7.49999998
  0.00000000
  0.00000000
  1.69491525
  0.00000000
  1.96078431
  2.56410256
  1.47058823
  0.98039216
  3.12499999
  0.00000000
  0.98522167
  2.21402214
  8.43881856
 12.90322576
  3.33333333
  3.70370369
  0.00000000
  0.00000000
  0.00000000
 10.52631573
 14.28571422
  0.00000000
  3.03030302
  7.14285709
  0.00000000
  0.00000000
  0.00000000
  0.00000000
 13.42281878
  4.54545454
  9.00900900
  4.12371134
  0.00000000
  7.40740738
  3.12499999
  2.94117646
 19.99999992
  5.88235291
  0.00000000
  5.40540539
  0.00000000
  0.00000000
  0.00000000
  2.22222222
  9.61538460
  0.00000000
 10.52631576
 12.49999995
  0.00000000
  0.00000000
 12.49999984
 14.28571408
  6.24999996
 11.11111099
  3.70370369
  8.33333326
  0.00000000
  0.00000000
  0.00000000
  0.00000000
 20.45454544
 12.28070173
 16.84210525
  6.32911392
 13.63636357
 14.28571422
  3.99999998
  2.12765957
 12.96296294
 10.34482755
  8.53658536
  5.63380281
  0.00000000
 12.49999992
  0.00000000
  4.99999999
  0.00000000
  0.00000000
  0.00000000
  0.00000000
  0.00000000
  0.00000000
  0.00000000
  0.00000000
  0.00000000
 49.99999750
  7.40740738
  0.00000000
  0.00000000
  0.00000000
  0.00000000
  0.00000000
  7.69230763
  9.99999990
  5.88235291
  0.00000000
  0.00000000
  5.88235291
  2.94117646
  3.63636363
  0.00000000
  0.00000000
  1.85185185
  0.00000000
  0.00000000
  0.00000000
  0.00000000
  0.00000000
 16.66666639
  0.00000000
  0.00000000
 16.66666639
  0.00000000
  0.00000000
  0.00000000
  0.00000000
 11.11111099
  0.00000000
  2.27272727
  0.00000000
  0.00000000
 14.28571408
  3.03030302
  0.00000000
  0.00000000
  0.00000000
  7.40740738
  3.57142856
  0.00000000
  0.00000000
  0.00000000
  0.00000000
  7.40740738
 16.66666660
  8.78378378
  3.19148936
  6.66666662
  3.12499999
  2.20588235
  3.16455696
  1.57728707
  1.50442478
  2.26415094
  1.92644483
  3.37078651
  1.19047619
  0.00000000
  1.38613861
  3.27868852
  2.03045685
  0.00000000
  0.00000000
  0.00000000
  1.75438596
  0.00000000
  3.12500000
  2.70935961
  1.49253731
  2.43902439
  0.00000000
  0.83333333
  1.93548387
  0.00000000
  2.89017341
  0.93457944
  1.61290322
  0.00000000
  1.75438596
  7.49999998
  2.66666666
  0.00000000
  3.98550725
  3.12500000
  2.56410256
  1.94805195
  2.53164557
  0.00000000
  0.00000000
  0.00000000
  3.98009950
  1.58730158
  1.59574468
  1.23456790
  0.00000000
  0.00000000
  1.72413793
  0.00000000
  4.62809917
  5.22088353
  3.22580645
  2.34375000
  4.95049504
  0.00000000
  0.89285714
  1.05263158
  2.39043825
  2.58620689
  0.97087379
  0.49751244
  0.00000000
  5.55555555
  0.86956522
  1.36054422
  1.66204986
  0.00000000
  4.47761193
  0.00000000
  0.00000000
  0.00000000
  1.85185185
  0.00000000
  2.32558139
  4.16666665
  2.72727272
  1.72413793
  2.63157894
  7.14285709
  0.00000000
  0.00000000
  3.44827586
  0.00000000
  2.66666666
  3.44827586
  2.56410256
  0.00000000
  0.00000000
  0.00000000
  3.38983050
  0.00000000
  4.08163265
  0.61728395
  2.32558139
  0.00000000
  0.00000000
  0.00000000
  0.00000000
  0.00000000
  1.75438596
  4.34782607
  5.55555552
  0.00000000
  0.00000000
  0.00000000
  2.08333333
  0.00000000
  3.18471337
  0.00000000
  0.00000000
  8.33333326
  0.00000000
  0.00000000
  0.00000000
  5.55555552
  0.00000000
  0.00000000
 13.63636357
  4.54545452
  0.00000000
  3.12500000
  4.61538461
  0.00000000
  5.50847457
  3.55731225
  0.00000000
  0.00000000
  1.94174757
  0.61538462
  8.37209302
  7.40740738
  8.77192981
  7.40740738
  0.00000000
  0.00000000
  0.00000000
  0.00000000
 14.99999992
 19.99999960
 14.99999992
  0.00000000
 28.57142816
  0.00000000
  0.00000000
  0.00000000
 22.92993629
 16.39344260
  8.84955751
  9.99999999
  7.69230766
  0.00000000
  8.33333330
  0.00000000
 19.35483865
  5.55555552
  0.00000000
  2.94117646
  7.99999997
  0.00000000
  5.40540539
  5.40540539
 33.33333327
  6.66666662
 21.05263152
 12.49999995
  0.00000000
  0.00000000
 11.11111099
  0.00000000
 19.04761896
  0.00000000
  7.40740738
  0.00000000
 28.57142816
  0.00000000
  0.00000000
  0.00000000
 29.03225805
 13.33333331
 14.63414633
 24.67532464
 11.11111105
 21.73913034
 11.99999995
  4.34782608
 19.29824558
 16.66666662
 10.52631578
 10.98901098
  5.88235291
 18.18181802
  5.88235293
  6.81818181
  0.00000000
  0.00000000
  0.00000000
  0.00000000
  0.00000000
  0.00000000
  0.00000000
  0.00000000
  0.00000000
  0.00000000
  3.44827585
  0.00000000
  0.00000000
  0.00000000
  0.00000000
  2.77777777
 17.39130427
  0.00000000
  0.00000000
  0.00000000
  8.33333326
  5.88235291
  0.00000000
  0.00000000
  0.00000000
  4.16666665
  4.54545454
  4.85436893
  9.99999995
  0.00000000
  1.83486238
  1.22448980
 12.49999984
  0.00000000
  8.33333326
  8.33333326
  0.00000000
  0.00000000
  0.00000000
 16.66666639
 15.38461527
  0.00000000
  1.88679245
 19.35483865
  0.00000000
  0.00000000
  0.00000000
  0.00000000
 13.63636357
  0.00000000
 13.79310340
  9.99999997
  0.00000000
  0.00000000
  0.00000000
  7.14285713
 18.60465112
  6.66666662
  8.78048780
  7.42358078
  0.00000000
  3.57142856
  7.38255033
  4.26666667
  4.18181818
  3.94877268
  0.57142857
  3.57894737
  0.00000000
  2.85714285
  0.00000000
  4.79797980
  0.00000000
  3.77358490
  3.92156862
  4.25531914
  0.00000000
  0.00000000
  0.00000000
  6.40161725
  4.79041916
  4.61847389
  2.29885057
  1.03092783
  1.07526882
  1.66666667
  0.00000000
  3.84615384
  1.51515151
  1.87500000
  2.85714285
  0.00000000
  0.00000000
  0.00000000
  5.06329113
  7.97665370
  7.14285714
  5.60747663
  2.85714285
  1.56250000
  0.00000000
 13.15789470
  0.00000000
  3.92156862
  6.66666665
  6.02409638
  3.50877192
  0.00000000
 12.49999984
  2.94117646
  3.57142856
 12.98701298
 12.61682242
  5.92592592
  7.65550239
  3.88349514
  2.98507462
  3.57142857
  3.61445783
  5.49450549
  2.97029703
  3.18725099
  6.45161290
  3.27868852
  3.99999998
  2.83018868
  1.86915888
  6.16621984
  0.00000000
  0.00000000
  0.00000000
  0.00000000
  5.26315787
  0.00000000
  5.55555552
  2.08333333
  0.00000000
  1.28205128
  2.17391304
  4.76190474
  0.00000000
  1.47058823
  4.65116278
  3.12500000
  0.00000000
  5.79710144
  3.63636363
  0.00000000
  2.85714285
  0.00000000
  2.81690140
  5.17241378
  0.00000000
  0.85470085
  1.38888889
  0.00000000
  7.40740738
  0.80000000
  1.45631068
 17.77777774
  0.00000000
  3.92156862
  0.00000000
  0.00000000
  0.00000000
  0.00000000
  0.00000000
 12.06896550
  0.00000000
  8.46153846
  3.63636363
  9.99999995
  0.00000000
  1.33333333
  4.25531914
  7.81249999
  5.71428570
  2.98507462
  7.54716980
  0.00000000
  6.24999996
  7.54716980
  5.17241378
  4.87804877
  5.40540539
  5.81395349
  5.62248996
  3.92156862
  3.12499999
  7.90697674
  5.99369085
 17.09090908
 19.04761896
 15.78947366
 14.99999992
 11.11111099
  0.00000000
  0.00000000
  0.00000000
  5.26315787
  0.00000000
  5.26315787
  0.00000000
  0.00000000
  0.00000000
  0.00000000
  0.00000000
 29.20353981
 17.46031743
 17.96874999
 10.76923075
 13.33333329
  8.33333330
  8.69565214
 10.52631573
 12.12121208
 12.49999995
 18.18181813
 13.04347820
  0.00000000
 27.27272702
  4.54545452
  0.00000000
 35.22727269
 29.41176453
 25.99999995
  0.00000000
  0.00000000
  0.00000000
  0.00000000
  0.00000000
 30.76923053
 19.99999960
 13.04347820
  0.00000000
 19.99999960
  0.00000000
 12.49999984
 49.99999875
 32.67716534
 24.99999995
 30.43478259
 13.69863012
 10.52631573
 30.76923053
 19.04761896
  3.57142856
 25.45454541
 24.99999987
 24.99999997
  4.91803278
  6.66666662
  0.00000000
 10.25641023
  8.69565216
 22.22222210
  0.00000000
 18.18181802
  0.00000000
 19.99999960
  0.00000000
 19.99999960
  0.00000000
  8.33333326
  0.00000000
  4.99999997
  4.16666665
  0.00000000
  0.00000000
  0.00000000
  0.00000000
 21.73913034
  7.69230763
  8.33333330
  0.00000000
 11.76470581
  0.00000000
  0.00000000
  2.27272727
 12.90322576
  5.88235291
  7.81249999
  6.18556700
  0.00000000
  0.00000000
  2.00000000
  2.24719101
 27.27272702
  0.00000000
 18.74999988
  0.00000000
 24.99999938
  0.00000000
 33.33333278
  0.00000000
  9.09090901
 12.49999984
 15.90909087
  7.69230767
  0.00000000
 49.99999750
 14.81481476
  8.33333330
 19.35483865
  0.00000000
 11.62790695
  8.69565214
 16.66666653
 12.49999984
  9.99999997
  9.67741932
 16.27906973
  9.67741932
 16.75977653
 12.72727272
 28.57142847
  7.69230766
  4.81927711
  7.73809524
  9.62566845
  9.23623446
  1.04166667
  7.87172011
  2.56410256
  1.85185185
  0.00000000
  9.79729729
 10.52631573
  1.36986301
  3.57142856
  4.16666665
  9.99999990
  0.00000000
  0.00000000
 11.84210526
  8.96226415
  6.12244898
  5.79710145
 12.23021582
  3.50877192
  4.28571428
  3.92156862
 10.71428570
 16.66666663
  3.75000000
  0.00000000
  0.00000000
  6.66666662
  4.16666665
  0.00000000
 15.67567567
  9.78260869
 15.28662419
  8.33333331
  8.69565216
 18.18181802
  4.54545452
  0.00000000
  6.66666666
  5.26315787
  6.66666666
  0.00000000
  0.00000000
  0.00000000
  4.99999997
  0.00000000
 16.30648330
 11.47540983
 11.26126126
 10.09174311
  6.45161289
  6.81818180
  6.38297871
  5.88235292
  8.62068965
  8.16326529
  4.76190476
  7.99999999
  0.00000000
  6.66666662
  2.49999999
  4.25531914
 10.48689138
 19.99999960
  7.31707315
  0.00000000
 15.99999994
 33.33333278
  0.00000000
  0.00000000
  3.70370369
  0.00000000
  3.92156862
  9.99999995
  9.99999990
  0.00000000
  5.26315787
  5.26315787
 16.04938270
  4.54545452
  8.51063828
  4.76190474
  4.54545452
  0.00000000
  0.00000000
  2.22222222
 10.86956519
  4.76190474
  6.57894736
  3.63636363
  0.00000000
  0.00000000
  7.27272726
  7.44680850
 17.30769227
 37.49999953
  9.99999997
  0.00000000
 27.27272702
  0.00000000
  0.00000000
  0.00000000
 15.62499995
  0.00000000
  3.44827586
  4.54545452
  0.00000000
  0.00000000
  0.00000000
  4.99999997
 21.66666663
  8.33333330
 10.86956519
  9.09090906
 11.76470581
  6.24999996
  5.55555554
  2.85714285
 13.33333331
  0.00000000
  7.07070706
  7.84313725
  7.40740738
 17.64705872
  7.05882352
  3.09278350
 28.41726618
 19.99999992
 34.14634138
  0.00000000
  8.33333326
  0.00000000
  0.00000000
  0.00000000
 42.85714255
  0.00000000
 37.49999953
  0.00000000
  0.00000000
  0.00000000
  0.00000000
  0.00000000
 36.77685949
 32.69230763
 17.85714284
 21.95121946
 46.66666636
 19.99999960
  8.33333326
 11.11111099
 28.12499991
  0.00000000
 14.28571418
  0.00000000
 19.99999960
  0.00000000
 14.28571408
 18.18181802
 48.35164830
 16.66666639
 35.99999986
 33.33333278
  0.00000000
  0.00000000
  0.00000000
  0.00000000
 35.71428546
 19.99999960
 44.44444420
  0.00000000
  0.00000000
  0.00000000
  0.00000000
  0.00000000
 38.63636362
 38.63636355
 32.92682923
 17.49999996
 38.46153817
 18.18181802
 11.11111099
 24.99999979
 34.09090901
  0.00000000
 17.85714279
 12.49999995
 16.66666639
 19.99999980
 11.76470581
 14.99999992
 30.76923053
  0.00000000
  0.00000000
 16.66666639
 24.99999938
  0.00000000
  0.00000000
  0.00000000
 33.33333296
  0.00000000
  8.33333326
  0.00000000
 39.99999920
  0.00000000
  0.00000000
  0.00000000
 30.43478248
 19.99999960
  6.24999996
 13.33333324
 29.99999970
 15.38461527
  0.00000000
 17.64705872
 36.36363620
 16.66666653
 14.28571424
  3.22580644
 11.11111099
  9.09090901
  7.69230767
  2.98507462
 29.41176453
 24.99999938
 38.46153817
  0.00000000
 49.99999750
 24.99999875
  0.00000000
  0.00000000
 29.41176453
 49.99999917
 15.78947360
  0.00000000
 33.33333278
  0.00000000
  8.33333326
 18.18181802
 22.22222216
 16.66666653
 16.12903221
 17.64705872
 37.49999977
  0.00000000
 24.99999990
  4.34782607
 27.27272721
 19.99999990
 22.36842102
 18.69158877
 10.52631573
 16.66666653
 11.86440676
 17.26190475
 16.88741721
 22.95805739
 11.99999995
 17.94871794
  0.00000000
  7.69230763
 14.28571408
 15.71906354
  0.00000000
 12.49999995
  0.00000000
  0.00000000
  0.00000000
 39.99999920
 24.99999938
 22.07031250
 20.51282050
 11.71171170
  9.52380950
 12.14953270
  3.12499999
  0.00000000
  8.33333326
 22.64150939
  5.55555552
 18.18181810
  0.00000000
 14.99999992
 19.99999960
  8.33333326
 41.66666632
 26.97516930
 24.44444439
 18.18181815
 16.66666653
 24.32432426
  0.00000000
 36.36363603
  0.00000000
 20.51282046
  0.00000000
 17.39130427
  0.00000000
  0.00000000
  0.00000000
 66.66666444
 66.66666444
 30.62200956
 24.99999997
 25.71428568
 23.99999990
 20.58823523
  0.00000000
 18.74999988
  6.24999996
 29.54545448
  0.00000000
 17.64705877
  8.33333326
 39.99999920
 16.66666639
  0.00000000
 13.33333324
 21.64634146
  0.00000000
 10.52631573
  0.00000000
  0.00000000
  0.00000000
  0.00000000
  0.00000000
 13.33333324
 33.33333222
 33.33333296
  0.00000000
  0.00000000
  0.00000000
  0.00000000
  0.00000000
 27.08333328
 28.57142837
 22.58064509
 19.99999980
 23.52941163
 24.99999969
  0.00000000
  0.00000000
 37.93103435
 14.28571418
  4.34782607
 28.57142837
  0.00000000
  0.00000000
  0.00000000
 15.38461533
 35.36585362
 42.85714224
 46.66666636
 29.99999970
 33.33333296
  0.00000000
  0.00000000
  0.00000000
 27.27272715
  0.00000000
 29.41176453
 74.99999813
  0.00000000
 49.99999750
  9.99999990
  0.00000000
 42.42424236
 19.99999990
 20.68965510
 14.28571408
 22.22222210
 16.66666639
 18.74999988
 24.99999979
 29.16666655
  0.00000000
 10.71428568
 11.11111107
 27.77777762
 12.49999984
 10.34482755
 24.99999992
 46.00638976
 42.85714255
 36.36363620
  0.00000000
 28.57142816
 24.99999938
 33.33333222
  0.00000000
 57.14285673
  0.00000000
 33.33333222
  0.00000000
  0.00000000
  0.00000000
  0.00000000
  0.00000000
 56.22119813
 37.49999984
 48.64864852
 52.94117616
 47.05882325
 33.33333278
  0.00000000
  0.00000000
 49.99999964
 57.14285633
 39.99999920
 47.77777707
 55.55555494
  0.00000000
 24.99999938
  0.00000000
 50.43478256
 49.99999938
 63.63636306
  0.00000000
 49.99999875
  0.00000000
  0.00000000
  0.00000000
 33.33333306
 19.99999960
 49.99999917
  0.00000000
  0.00000000
  0.00000000
  0.00000000
  0.00000000
 46.63212433
 48.27586190
 37.83783774
 28.57142837
 31.81818167
 42.85714224
 39.99999960
 39.99999920
 34.78260854
 39.99999960
 49.99999950
 33.33333278
  0.00000000
  0.00000000
 49.99999750
 33.33333278
 52.63157867
 39.99999920
 24.99999938
  0.00000000
 49.99999875
 49.99999750
 49.99999750
  0.00000000
 49.99999964
 49.99999750
 33.33333222
 49.99999750
 24.99999938
  0.00000000
 49.99999875
  0.00000000
 49.99999985
 49.99999917
 29.99999970
 49.99999750
 14.28571408
 28.57142816
 33.33333222
 14.28571408
 49.99999977
 14.28571408
 28.57142844
 33.33333222
 33.33333278
 12.49999984
 33.33333296
 27.77777762
 41.66666655
 50.83333298
 59.99999940
  0.00000000
 66.66666444
  0.00000000
  0.00000000
  0.00000000
 39.99999960
  0.00000000
 29.99999970
 24.99999938
  0.00000000
  0.00000000
  0.00000000
  0.00000000
 43.63636356
 24.99999938
 49.99999977
 24.99999938
 38.88888867
 42.85714224
 29.99999970
 33.33333222
 40.74074059
 49.99999969
 51.99999979
 36.36363625
 22.22222198
  9.09090901
 28.57142847
 25.58139529
 16.64098613
 19.95776135
 42.85714255
 20.09626955
 14.28571418
 14.28571418
  0.00000000
 20.69970845
 39.99999973
 11.11111099
 66.66666444
  9.99999990
  0.00000000
  0.00000000
  0.00000000
 22.87278854
 26.81159418
 29.33333329
 47.82608675
 28.77697840
 38.46153831
 12.49999992
 33.33333278
 30.61224484
  9.09090901
 16.66666639
  0.00000000
  9.99999990
 19.99999960
  0.00000000
 37.49999953
 23.26530612
 23.25581390
 27.53623184
 66.66666444
 28.57142853
 24.99999938
  0.00000000
  0.00000000
 33.33333326
  0.00000000
 12.49999984
 33.33333222
 66.66666444
  0.00000000
  0.00000000
  0.00000000
 28.99061033
 31.32530117
 34.04255312
 30.76923053
 24.99999996
 24.99999969
 39.99999973
 74.99999813
 31.91489355
 29.41176453
 44.44444395
 14.28571408
  0.00000000
 33.33333222
 24.99999938
 19.99999960
 24.10611303
 23.80952370
 26.47058816
 49.99999750
 34.48275850
  0.00000000
 16.66666611
 33.33333222
 46.15384598
 49.99999875
 49.99999917
 59.99999880
 42.85714224
 71.42856612
 35.71428306
  0.00000000
 26.47058821
 24.99999979
 26.92307682
  0.00000000
 33.33333322
 49.99999938
 12.49999984
 49.99999875
 63.15789440
 37.49999953
 71.42857041
 49.99999917
 33.33333278
 74.99999813
 16.66666639
 33.33333296
 37.49999998
 37.49999977
 38.09523791
 32.01058187
 25.92592583
 16.66666639
 33.33333278
 33.97435863
 34.61538448
 49.99999917
 49.99999950
 49.99999750
 33.33333222
  0.00000000
 57.14285633
  0.00000000
 37.70491800
 37.49999977
 41.66666649
 24.99999938
 30.76923065
 39.99999920
 22.22222198
 24.99999938
 61.29032238
 49.99999917
 42.85714255
 33.33333278
 19.99999980
 19.99999960
 53.33333298
 33.33333315
 44.99999999
 54.99999972
 27.77777762
 57.14285633
 63.63636306
 33.33333222
  0.00000000
  0.00000000
 68.18181787
  0.00000000
  0.00000000
  0.00000000
  0.00000000
  0.00000000
  0.00000000
  0.00000000
 67.25146197
 55.17241360
 69.56521709
 59.99999880
 64.28571406
 33.33333222
 24.99999938
 49.99999750
 42.85714265
 85.71428449
 49.99999875
  0.00000000
  0.00000000
  0.00000000
 49.99999750
  0.00000000
 58.92857139
 72.72727207
 71.42857041
  0.00000000
 45.45454504
  0.00000000
  0.00000000
  0.00000000
 63.63636306
 31.81818153
  0.00000000
  0.00000000
  0.00000000
  0.00000000
  0.00000000
  0.00000000
 62.84584978
 66.66666630
 52.94117616
 83.33333194
 52.38095213
 51.19047482
 49.99999750
 66.66666444
 71.42857109
 24.99999938
 49.99999917
 66.66666444
 49.99999750
  0.00000000
 12.49999969
 24.99999938
 58.97435882
 79.99999840
 66.66666593
  0.00000000
 33.33333278
 66.66666139
 33.33333069
  0.00000000
 30.76923053
  0.00000000
 33.33333222
 33.33333222
 49.99999750
  0.00000000
  0.00000000
 32.40740735
 64.81481469
 39.99999960
 49.99999938
 39.99999920
 49.99999938
 33.33333222
 49.99999750
 66.66666444
 63.63636335
 79.99999840
 59.99999880
 33.33333222
 37.49999953
 79.99999840
 74.99999813
 44.44444395
 59.45945930
 74.99999813
 39.99999920
  0.00000000
 45.45454504
  0.00000000
 49.99999500
 58.33333056
 66.66666611
 49.99999750
 57.14285633
  0.00000000
 49.99999750
  0.00000000
 66.66666444
  0.00000000
 61.22448973
 59.99999960
 69.99999965
 49.99999875
 53.33333298
 59.99999880
 74.99999813
 33.33333222
 78.57142829
 66.66666593
 38.46153817
 58.33333285
 71.42857041
 28.57142816
 69.99999930
 35.29411744
