  0.00000000
  0.14164306
  0.00000000
  0.08143322
  0.00000000
  0.00000000
  0.00000000
  0.00000000
  0.00000000
  0.00000000
  0.00000000
  0.00000000
  0.00000000
  0.00000000
  0.00000000
  0.00000000
  0.00000000
  0.00000000
  0.00000000
  0.24390244
  0.00000000
  0.00000000
  0.00000000
  0.00000000
  0.00000000
  2.12765957
  0.00000000
  0.00000000
  0.00000000
  2.56410256
  0.00000000
  0.44843049
  0.00000000
  0.00000000
  0.00000000
  0.00000000
  0.00000000
  0.00000000
  0.00000000
  0.00000000
  0.00000000
  0.00000000
  0.00000000
  0.00000000
  0.00000000
  0.00000000
  0.00000000
  0.19120459
  0.00000000
  0.00000000
  0.00000000
  0.00000000
  0.00000000
  0.00000000
  0.00000000
  0.00000000
  0.00000000
  0.00000000
  0.00000000
  0.00000000
  0.00000000
  0.00000000
  0.00000000
  0.00000000
  0.00000000
  0.00000000
  0.00000000
  0.00000000
  0.00000000
  0.00000000
  0.00000000
  0.00000000
  0.00000000
  0.00000000
  0.00000000
  0.00000000
  0.00000000
  0.00000000
  3.57142856
  0.00000000
  0.00000000
  0.00000000
  0.00000000
  0.00000000
  0.00000000
  0.00000000
  0.00000000
  0.00000000
  0.00000000
  0.00000000
  0.00000000
  0.00000000
  0.00000000
  0.00000000
  0.00000000
  0.00000000
  0.00000000
  0.00000000
  0.00000000
  0.00000000
  0.00000000
  0.00000000
  0.00000000
  0.00000000
  0.00000000
  4.54545452
  0.00000000
  9.09090901
  0.00000000
  0.00000000
  0.00000000
  0.00000000
  0.00000000
  0.00000000
  2.27272727
  0.00000000
  0.00000000
  4.76190475
  0.00000000
  0.00000000
  0.00000000
  0.00000000
  0.00000000
  0.00000000
  0.00000000
  0.00000000
  1.17647059
  0.94786730
  0.00000000
  0.00000000
  0.00000000
  0.00000000
  0.00000000
  0.00000000
  0.00000000
  0.00000000
  0.00000000
  0.00000000
  0.00000000
  0.00000000
  0.00000000
  0.00000000
  0.00000000
  2.56410256
  0.00000000
  0.00000000
  0.00000000
  5.26315787
  0.00000000
  0.00000000
  0.00000000
  0.00000000
  0.00000000
  0.00000000
  0.00000000
  0.00000000
  0.00000000
  0.00000000
  0.00000000
  0.00000000
  0.00000000
  0.00000000
  0.00000000
  0.00000000
  0.00000000
  0.00000000
  0.00000000
  0.00000000
  0.00000000
  0.00000000
  0.00000000
  0.00000000
  0.00000000
  0.00000000
  0.00000000
  3.84615383
  0.00000000
  0.00000000
  0.00000000
  0.00000000
 11.11111099
  0.00000000
  0.00000000
  0.00000000
  0.00000000
  0.00000000
  0.00000000
  0.00000000
  0.00000000
  0.00000000
  0.00000000
  0.00000000
  0.00000000
  0.00000000
  0.00000000
  0.00000000
  0.00000000
  0.00000000
  0.00000000
  0.00000000
  0.00000000
  0.00000000
  0.00000000
  0.00000000
  0.00000000
  0.00000000
  0.00000000
  0.00000000
  0.00000000
  0.00000000
  0.00000000
  0.00000000
  0.00000000
  0.00000000
  0.00000000
  0.00000000
  0.00000000
  0.00000000
  0.00000000
  0.00000000
  0.00000000
  0.00000000
  0.00000000
  0.00000000
  0.00000000
  0.00000000
  0.00000000
  0.00000000
  0.00000000
  0.00000000
  0.00000000
  0.00000000
  0.00000000
 14.28571408
  0.00000000
  0.00000000
  0.00000000
  0.00000000
  0.00000000
  0.00000000
  0.00000000
  0.00000000
  0.00000000
  0.00000000
  0.00000000
  0.00000000
  0.00000000
  0.00000000
  0.00000000
  0.00000000
  0.00000000
  0.00000000
  0.00000000
  0.00000000
  0.00000000
  0.00000000
  0.13937282
  0.00000000
  0.00000000
  0.00000000
  0.00000000
  0.00000000
  0.00000000
  0.00000000
  0.00000000
  0.00000000
  0.00000000
  0.00000000
  0.00000000
  0.00000000
  0.06863418
  0.00000000
  0.00000000
  0.00000000
  0.00000000
  0.00000000
  0.46511628
  0.00000000
  0.00000000
  0.00000000
  0.00000000
  0.78740157
  0.00000000
  0.00000000
  0.00000000
  0.00000000
  0.17286085
  0.00000000
  0.36764706
  0.00000000
  0.00000000
  1.49253731
  0.00000000
  0.00000000
  0.00000000
  0.00000000
  0.00000000
  0.00000000
  0.00000000
  0.00000000
  0.00000000
  0.00000000
  0.61349693
  0.34246575
  0.00000000
  0.00000000
  0.00000000
  0.00000000
  0.63694267
  0.00000000
  0.00000000
  0.00000000
  0.00000000
  0.00000000
  0.00000000
  0.00000000
  0.00000000
  0.00000000
  0.68493151
  0.00000000
  0.00000000
  0.00000000
  0.00000000
  0.00000000
  0.00000000
  0.00000000
  0.00000000
  0.00000000
  0.00000000
  1.51515151
  0.00000000
  0.00000000
  1.06382979
  0.00000000
  1.92307692
  0.00000000
  0.00000000
  0.00000000
  1.81818181
  0.00000000
  0.00000000
  0.00000000
  0.00000000
  0.00000000
  0.97087379
  0.00000000
  0.00000000
  0.00000000
  1.33333333
  0.37593985
  0.00000000
  0.00000000
  3.12500000
  0.00000000
  0.00000000
  0.00000000
  2.32558139
  0.00000000
  0.00000000
  0.00000000
  2.19780220
  1.66666666
  0.00000000
  0.00000000
  0.00000000
  0.00000000
  0.00000000
  0.00000000
  1.42857143
  0.00000000
  0.00000000
  0.00000000
  0.00000000
  1.39860140
  0.00000000
  0.00000000
  1.80722891
  0.54644809
  2.94117646
  0.00000000
  0.00000000
  0.57306590
  0.82987552
  2.08333333
  0.00000000
  0.00000000
  0.00000000
  0.00000000
  0.00000000
  0.00000000
  0.00000000
  0.00000000
  0.00000000
  0.00000000
  0.00000000
  0.00000000
  5.88235291
  0.00000000
  1.68067227
  0.00000000
  0.96153846
  0.94339623
  3.03030302
  0.00000000
  3.84615383
  0.00000000
  0.00000000
  0.00000000
  0.00000000
  0.00000000
  0.00000000
  0.00000000
  0.00000000
  0.00000000
  2.94117646
  0.00000000
  0.00000000
  0.00000000
  0.00000000
  0.00000000
  0.00000000
  0.00000000
  0.00000000
  0.00000000
  0.00000000
  0.00000000
  0.00000000
  0.00000000
  0.00000000
  0.00000000
  4.05405405
  6.38297871
  0.00000000
  0.00000000
  0.00000000
  6.24999996
  0.00000000
  0.00000000
  5.88235291
  4.16666665
  2.08333333
  0.00000000
  0.00000000
  0.00000000
  0.00000000
  0.00000000
  0.00000000
  0.00000000
  0.00000000
  0.00000000
  0.00000000
  0.00000000
  0.00000000
  0.00000000
  0.00000000
  0.00000000
  0.00000000
  0.00000000
  0.00000000
  0.00000000
  3.03030302
  0.00000000
  0.00000000
  0.00000000
  0.00000000
  0.00000000
  0.00000000
  0.00000000
  0.00000000
  1.56250000
  0.00000000
  0.00000000
  0.00000000
  0.00000000
  0.00000000
  0.00000000
  0.00000000
  0.00000000
  0.00000000
  0.00000000
  0.00000000
  0.00000000
  0.00000000
  0.00000000
  0.00000000
  0.00000000
  0.00000000
  0.00000000
  0.00000000
  0.00000000
  0.00000000
  0.00000000
  0.00000000
  2.22222222
  0.00000000
  0.00000000
  0.00000000
  3.84615383
  0.00000000
  0.00000000
  0.00000000
  0.00000000
  0.00000000
  0.00000000
  4.22535211
  0.84033613
  5.26315787
  3.44827585
  0.00000000
  0.99009901
  0.42492918
  0.16116035
  0.00000000
  0.31595577
  0.00000000
  0.00000000
  0.00000000
  0.20876827
  1.31578947
  0.00000000
  0.00000000
  0.00000000
  0.00000000
  0.00000000
  0.00000000
  0.36764706
  0.23364486
  0.19120459
  0.62893082
  0.38610039
  0.68965517
  0.00000000
  0.00000000
  0.66225166
  1.19047619
  0.00000000
  0.00000000
  0.00000000
  0.00000000
  0.00000000
  0.00000000
  0.17152659
  0.00000000
  0.40733198
  0.59523809
  0.00000000
  0.00000000
  0.00000000
  0.00000000
  0.98522167
  0.00000000
  0.00000000
  0.00000000
  0.00000000
  0.00000000
  0.00000000
  0.00000000
  0.52724077
  0.00000000
  0.00000000
  0.35335689
  0.00000000
  1.47058823
  0.00000000
  0.00000000
  0.86956522
  0.00000000
  0.00000000
  0.41841004
  0.00000000
  0.00000000
  0.89285714
  0.00000000
  0.00000000
  0.00000000
  0.00000000
  0.00000000
  0.00000000
  0.00000000
  0.00000000
  0.00000000
  0.00000000
  6.24999996
  0.00000000
  1.38888889
  0.00000000
  0.00000000
  0.00000000
  0.00000000
  0.00000000
  0.00000000
  0.00000000
  3.50877192
  0.00000000
  3.22580644
  0.00000000
  0.00000000
  0.00000000
  0.00000000
  0.00000000
  0.92592593
  3.70370369
  0.00000000
  0.64102564
  0.00000000
  0.00000000
  0.00000000
  0.00000000
  0.00000000
  0.00000000
  0.00000000
  0.00000000
  0.00000000
  0.00000000
  0.00000000
  1.72413793
  1.35135135
  5.55555552
  0.00000000
  0.00000000
  0.00000000
  5.12820512
  5.26315787
  0.00000000
  0.00000000
  3.84615383
  0.00000000
  1.69491525
  0.00000000
  1.96078431
  0.00000000
  0.98039216
  0.00000000
  0.00000000
  0.00000000
  0.00000000
  0.73800738
  2.10970464
  0.00000000
  0.00000000
  0.00000000
  0.00000000
  0.00000000
  0.00000000
  0.00000000
  0.00000000
  0.00000000
  0.00000000
  0.00000000
  0.00000000
  0.00000000
  0.00000000
  0.00000000
  2.01342282
  3.03030303
  0.90090090
  1.03092783
  3.57142856
  0.00000000
  0.00000000
  2.94117646
  0.00000000
  0.00000000
  0.00000000
  0.00000000
  0.00000000
  0.00000000
  0.00000000
  0.00000000
  7.69230768
  0.00000000
  0.00000000
  4.16666665
  0.00000000
  0.00000000
  0.00000000
  0.00000000
  0.00000000
  0.00000000
  0.00000000
  0.00000000
  0.00000000
 19.99999960
  0.00000000
  0.00000000
  9.09090908
  5.26315789
  3.15789473
  0.00000000
  4.54545452
  4.76190474
  0.00000000
  0.00000000
  3.70370370
  3.44827585
  0.00000000
  0.00000000
  0.00000000
  0.00000000
  3.33333332
  1.25000000
  0.00000000
  0.00000000
  0.00000000
  0.00000000
  0.00000000
  0.00000000
  0.00000000
  0.00000000
  0.00000000
  0.00000000
  0.00000000
  0.00000000
  0.00000000
  0.00000000
  0.00000000
  0.00000000
  7.69230763
  0.00000000
  0.00000000
  0.00000000
  0.00000000
  0.00000000
  0.00000000
  0.00000000
  6.24999996
  0.00000000
  0.00000000
  0.00000000
  0.00000000
  0.00000000
  0.00000000
  0.00000000
  0.00000000
  0.00000000
 11.11111099
  0.00000000
  0.00000000
  0.00000000
  0.00000000
  0.00000000
  0.00000000
  0.00000000
  0.00000000
  4.54545452
  0.00000000
  0.00000000
  0.00000000
  0.00000000
 11.11111099
  0.00000000
  0.00000000
  0.00000000
  0.00000000
  7.69230763
  0.00000000
  2.63157894
  7.40740738
  4.16666665
  2.02702703
  2.65957447
  0.00000000
  3.12499999
  0.73529412
  1.58227848
  0.47318612
  0.35398230
  0.75471698
  0.70052539
  0.00000000
  0.00000000
  0.00000000
  0.59405941
  0.00000000
  0.00000000
  0.00000000
  0.00000000
  0.00000000
  0.00000000
  2.12765957
  0.83333333
  0.49261084
  0.18656716
  1.39372822
  0.00000000
  0.00000000
  0.00000000
  0.00000000
  0.57803468
  0.93457944
  0.00000000
  0.00000000
  0.00000000
  0.00000000
  0.00000000
  0.88495575
  0.90579710
  1.25000000
  0.46620047
  0.64935065
  0.00000000
  0.00000000
  0.00000000
  0.00000000
  1.99004975
  1.58730158
  0.00000000
  0.00000000
  2.49999999
  0.00000000
  0.00000000
  0.00000000
  1.48760331
  1.20481928
  1.38248848
  0.00000000
  0.00000000
  0.00000000
  0.00000000
  0.00000000
  1.59362550
  0.00000000
  0.64724919
  0.00000000
  0.00000000
  0.00000000
  0.00000000
  0.68027211
  0.83102493
  0.00000000
  0.00000000
  0.00000000
  2.70270270
  0.00000000
  0.00000000
  0.00000000
  0.00000000
  0.00000000
  0.00000000
  0.00000000
  0.00000000
  0.00000000
  0.00000000
  0.00000000
  1.72413793
  0.00000000
  0.00000000
  0.00000000
  0.00000000
  0.00000000
  0.00000000
  0.00000000
  0.00000000
  0.00000000
  0.00000000
  0.00000000
  0.00000000
  0.00000000
  0.00000000
  0.43478261
  2.17391304
  0.00000000
  0.00000000
  0.00000000
  0.00000000
  0.00000000
  0.00000000
  0.00000000
  0.00000000
  0.00000000
  0.63694267
  2.56410256
  7.69230763
  0.00000000
  0.00000000
  0.00000000
  4.34782608
  0.00000000
  1.36986301
  0.00000000
  4.54545452
  0.00000000
  1.81818181
  0.00000000
  3.07692307
  4.76190475
  0.42372881
  0.79051383
  2.49999999
  0.00000000
  0.48543689
  0.92307692
  3.25581395
  3.70370369
  5.26315789
 11.11111107
  0.00000000
  0.00000000
  0.00000000
  0.00000000
  0.00000000
  0.00000000
  0.00000000
 11.11111099
  0.00000000
  0.00000000
  0.00000000
  0.00000000
  6.36942675
  1.63934426
  3.53982301
  3.33333333
  0.00000000
  0.00000000
  0.00000000
  0.00000000
  3.22580644
  5.55555552
  2.38095238
  0.00000000
  0.00000000
  0.00000000
  2.70270270
  0.00000000
 12.96296294
 13.33333324
  7.89473682
  0.00000000
  0.00000000
  0.00000000
  0.00000000
  0.00000000
  0.00000000
  0.00000000
  3.70370369
  4.99999997
  0.00000000
  0.00000000
  0.00000000
  0.00000000
 14.19354838
  6.66666666
  8.13008129
  3.89610389
 11.11111105
  4.34782607
  0.00000000
  0.00000000
 12.28070173
  8.33333331
  1.05263158
  1.09890110
  0.00000000
  0.00000000
  0.00000000
  1.13636364
 19.99999960
  0.00000000
  0.00000000
  0.00000000
  0.00000000
  0.00000000
  0.00000000
  0.00000000
  0.00000000
  0.00000000
  0.00000000
  0.00000000
  0.00000000
  0.00000000
  0.00000000
  0.00000000
  4.34782607
  0.00000000
  0.00000000
  0.00000000
  0.00000000
  0.00000000
  0.00000000
  0.00000000
  4.76190474
  0.00000000
  0.00000000
  2.91262136
  0.00000000
  2.70270270
  1.83486238
  0.00000000
  0.00000000
  0.00000000
  0.00000000
 24.99999979
  0.00000000
  0.00000000
  0.00000000
  0.00000000
  7.69230763
  0.00000000
  0.00000000
  0.00000000
 19.99999960
  0.00000000
  7.14285712
  2.63157894
 27.27272715
 16.66666653
  0.00000000
  3.33333332
  0.00000000
  0.00000000
  0.00000000
  0.00000000
 13.95348834
  0.00000000
  9.26829268
  0.43668122
  0.00000000
  0.00000000
  3.35570470
  1.60000000
  1.27272727
  1.49413020
  0.57142857
  0.84210526
  2.81690140
  0.95238095
  0.00000000
  2.77777778
  0.00000000
  0.62893082
  0.00000000
  0.00000000
  0.00000000
  0.00000000
  3.99999998
  2.15633423
  1.49700599
  1.20481928
  0.00000000
  0.00000000
  1.07526882
  0.00000000
  0.00000000
  1.28205128
  1.51515151
  0.62500000
  0.00000000
  0.00000000
  0.00000000
  0.00000000
  0.00000000
  4.08560311
  3.57142857
  2.49221184
  0.95238095
  1.56250000
  0.00000000
  0.00000000
  0.00000000
  0.65359477
  0.00000000
  0.00000000
  0.00000000
  0.00000000
  0.00000000
  0.00000000
  0.00000000
  5.35714286
  1.86915888
  1.97530864
  0.47846890
  1.94174757
  0.00000000
  0.00000000
  1.20481928
  2.74725275
  0.99009901
  0.79681275
  0.00000000
  0.00000000
  3.99999998
  2.83018868
  0.93457944
  2.94906166
  0.00000000
  2.27272727
  0.00000000
  0.00000000
  0.00000000
  0.00000000
  0.00000000
  0.00000000
  0.00000000
  1.28205128
  0.00000000
  0.00000000
  0.00000000
  1.47058823
  0.00000000
  1.56250000
  0.00000000
  2.89855072
  0.00000000
  0.00000000
  0.00000000
  0.00000000
  0.00000000
  1.72413793
  7.14285712
  3.41880342
  1.38888889
  0.00000000
  0.00000000
  0.80000000
  0.00000000
  2.22222222
  0.00000000
  0.00000000
  8.69565214
  0.00000000
  0.00000000
  0.00000000
  0.00000000
  3.44827586
  0.00000000
  0.00000000
  1.81818181
  0.00000000
  0.00000000
  1.33333333
  2.12765957
  1.56250000
  2.85714285
  4.47761193
  3.77358490
  0.00000000
  0.00000000
  3.77358490
  0.00000000
  6.09756097
  2.70270270
  2.71317829
  0.00000000
  3.92156862
  6.24999998
  1.39534884
  1.57728707
 10.90909091
 14.28571422
  8.77192981
  0.00000000
  0.00000000
  0.00000000
 14.28571408
  0.00000000
  5.26315787
  0.00000000
  0.00000000
  0.00000000
  0.00000000
  0.00000000
  0.00000000
  0.00000000
 18.14159291
  6.34920634
  7.03124999
  3.07692307
  0.00000000
  8.33333330
  0.00000000
  0.00000000
 15.15151511
  0.00000000
  6.06060604
  0.00000000
  6.24999996
  0.00000000
  0.00000000
  0.00000000
 29.54545451
 17.64705872
 13.99999997
  7.14285709
 19.99999960
  0.00000000
  0.00000000
  0.00000000
  0.00000000
  0.00000000
  4.34782607
  0.00000000
  0.00000000
  0.00000000
  0.00000000
  0.00000000
 24.40944881
 16.66666663
 12.31884057
  5.47945205
  5.26315787
  0.00000000
  4.76190474
  0.00000000
 10.90909089
  4.99999997
  2.77777777
  0.00000000
  0.00000000
  9.09090901
  5.12820512
  0.00000000
 11.11111105
  0.00000000
  0.00000000
  0.00000000
  0.00000000
  0.00000000
  0.00000000
  0.00000000
  0.00000000
 12.49999984
  4.99999997
  0.00000000
 16.66666639
  0.00000000
  0.00000000
  0.00000000
  8.69565214
  0.00000000
  4.16666665
  0.00000000
 11.76470581
  0.00000000
  0.00000000
  2.27272727
 12.90322576
  0.00000000
  0.00000000
  0.00000000
 12.49999992
  0.00000000
  3.00000000
  0.00000000
 18.18181802
  0.00000000
  6.24999996
  0.00000000
  0.00000000
  0.00000000
  0.00000000
  0.00000000
  0.00000000
  0.00000000
  6.81818180
  2.56410256
  0.00000000
  0.00000000
  3.70370369
  0.00000000
 25.80645153
 35.71428546
  6.97674417
  0.00000000
  8.33333326
  0.00000000
  0.00000000
  6.45161288
 20.93023251
  3.22580644
  7.82122905
  4.54545454
  7.14285712
 11.53846149
  5.42168674
  3.86904762
  4.27807487
  3.90763765
  4.16666666
  3.49854227
  0.00000000
  0.00000000
  0.00000000
  3.04054054
  0.00000000
  0.00000000
  3.57142856
  0.00000000
  0.00000000
  3.84615383
  0.00000000
  4.27631579
  3.30188679
  3.40136054
  2.89855072
  0.71942446
  3.50877192
  0.00000000
  0.00000000
  3.57142857
  0.00000000
  1.25000000
  0.00000000
  0.00000000
  0.00000000
  0.00000000
  0.00000000
  4.43243243
  3.26086956
  3.82165605
  0.00000000
  4.34782608
  0.00000000
  4.54545452
  0.00000000
  6.66666666
  0.00000000
  1.66666666
  0.00000000
  7.69230763
  0.00000000
  4.99999997
  0.00000000
  8.05500982
  3.27868852
  6.75675675
  1.83486238
  1.61290322
  2.27272727
  2.12765957
  2.94117646
  2.58620689
  2.04081632
  6.66666666
  0.00000000
  0.00000000
  0.00000000
  2.49999999
  0.00000000
  3.37078652
  0.00000000
  0.00000000
  0.00000000
  3.99999998
  0.00000000
  0.00000000
  0.00000000
 11.11111107
  0.00000000
  0.00000000
  4.99999997
  0.00000000
  0.00000000
  0.00000000
  5.26315787
  7.40740740
  4.54545452
  2.12765957
  0.00000000
  0.00000000
  0.00000000
  0.00000000
  0.00000000
  2.17391304
  0.00000000
  5.26315789
  0.00000000
  3.22580644
  0.00000000
  1.81818181
  2.12765957
 11.53846152
  0.00000000
  0.00000000
  0.00000000
  0.00000000
  0.00000000
  7.69230763
 12.49999984
  6.24999998
  0.00000000
  6.89655171
  9.09090905
 19.99999980
  0.00000000
  4.76190474
  0.00000000
  1.66666666
  0.00000000
  2.17391304
  3.03030302
  0.00000000
  0.00000000
  0.00000000
  5.71428570
  8.33333332
  3.99999998
  6.06060605
  3.92156862
  3.70370369
  0.00000000
  3.52941176
  5.15463917
 18.34532373
 35.99999986
 12.19512192
  6.24999996
 24.99999979
  0.00000000
  0.00000000
  0.00000000
  0.00000000
  0.00000000
  0.00000000
  0.00000000
  0.00000000
  0.00000000
  0.00000000
  0.00000000
 25.61983470
 15.38461536
  7.14285713
 14.63414631
  0.00000000
  0.00000000
  0.00000000
 11.11111099
 15.62499995
 11.11111099
 21.42857128
  0.00000000
  0.00000000
  0.00000000
  0.00000000
  0.00000000
 21.97802195
 33.33333278
 11.99999995
 16.66666639
 59.99999880
  0.00000000
  0.00000000
  0.00000000
  7.14285709
 19.99999960
 11.11111105
 14.28571408
  0.00000000
  0.00000000
  0.00000000
  0.00000000
 32.72727271
 22.72727268
 17.07317071
 14.99999996
  7.69230763
 27.27272702
 22.22222198
 16.66666653
 13.63636361
 35.29411744
 14.28571423
  8.33333330
  0.00000000
  0.00000000
  0.00000000
  4.99999997
 23.07692290
  0.00000000
 11.11111099
  0.00000000
  0.00000000
  0.00000000
  0.00000000
  0.00000000
 33.33333296
  0.00000000
  0.00000000
 16.66666639
  0.00000000
  0.00000000
  0.00000000
 12.49999984
  8.69565214
 39.99999920
  6.24999996
  0.00000000
  9.99999990
  7.69230763
  8.33333326
  0.00000000
  4.54545452
  8.33333326
  8.57142855
  3.22580644
 11.11111099
  0.00000000
  7.69230767
  2.98507462
 29.41176453
 24.99999938
 15.38461527
  0.00000000
  0.00000000
  0.00000000
  0.00000000
  0.00000000
 23.52941163
 16.66666639
  0.00000000
 19.99999980
 33.33333278
  0.00000000
  0.00000000
  0.00000000
 52.77777763
 16.66666653
 22.58064509
 11.76470581
 24.99999984
 39.99999920
 12.49999995
 13.04347820
 22.72727268
 19.99999990
 10.52631578
 11.21495326
 10.52631573
  0.00000000
 15.25423726
  8.33333333
  3.64238410
  3.53200883
  7.99999997
  4.27350427
  4.99999997
  0.00000000
  0.00000000
  3.67892976
  0.00000000
  4.16666665
 16.66666639
  0.00000000
  0.00000000
  0.00000000
  0.00000000
  5.85937500
  5.12820512
  0.90090090
  2.38095238
  3.73831775
  3.12499999
 11.11111107
  8.33333326
  1.88679245
  0.00000000
  0.00000000
  0.00000000
  4.99999997
  0.00000000
 16.66666653
  8.33333326
  5.19187359
 11.11111109
  7.27272726
  8.33333326
  2.70270270
  0.00000000
  0.00000000
  0.00000000
  5.12820512
  0.00000000
  4.34782607
  0.00000000
 16.66666639
  0.00000000
  0.00000000
  0.00000000
  9.33014354
  6.24999999
  4.28571428
  0.00000000
  5.88235292
  0.00000000
  6.24999996
  0.00000000
  6.81818180
  0.00000000
  5.88235292
  8.33333326
  0.00000000
 16.66666639
  0.00000000
  0.00000000
  5.18292683
  0.00000000
  5.26315787
  0.00000000
  0.00000000
  0.00000000
  0.00000000
  0.00000000
 19.99999987
  0.00000000
  0.00000000
  0.00000000
  0.00000000
  0.00000000
  0.00000000
  0.00000000
  8.33333332
  0.00000000
  6.45161288
  9.99999990
 11.76470581
  0.00000000
 19.99999987
  6.66666662
  6.89655170
  0.00000000
  8.69565214
 14.28571418
 19.99999987
 49.99999750
  5.55555552
  7.69230766
  8.53658536
  0.00000000
  6.66666662
  0.00000000
  0.00000000
  0.00000000
 33.33333222
  0.00000000
  9.09090905
  0.00000000
  5.88235291
  0.00000000
  0.00000000
  0.00000000
  9.99999990
  0.00000000
 15.15151513
  9.99999995
  0.00000000
  0.00000000
 11.11111105
  0.00000000
 12.49999992
  8.33333326
 12.49999995
  0.00000000
  0.00000000
  7.40740738
  5.55555552
  0.00000000
  3.44827585
  9.37499997
 15.65495207
  7.14285709
  9.09090905
  0.00000000
 28.57142816
  0.00000000
  0.00000000
  0.00000000
 21.42857128
  0.00000000
  0.00000000
  0.00000000
  0.00000000
  0.00000000
  0.00000000
  0.00000000
 20.73732718
 24.99999990
 13.51351348
 11.76470581
 17.64705872
 16.66666639
  0.00000000
  0.00000000
 28.57142837
 14.28571408
  0.00000000
  0.00000000
 11.11111099
  0.00000000
 24.99999938
  0.00000000
 31.30434780
 12.49999984
  0.00000000
 39.99999920
 24.99999938
  0.00000000
  0.00000000
  0.00000000
 24.99999979
 59.99999880
 16.66666639
  0.00000000
  0.00000000
  0.00000000
  0.00000000
  0.00000000
 27.97927460
 24.13793095
 29.72972965
 28.57142837
 31.81818167
  0.00000000
  0.00000000
  0.00000000
 30.43478248
 29.99999970
  0.00000000
 33.33333278
 39.99999920
 19.99999960
  0.00000000
 16.66666639
 10.52631573
 39.99999920
  0.00000000
  0.00000000
  0.00000000
 49.99999750
  0.00000000
  0.00000000
 28.57142837
 49.99999750
  0.00000000
  0.00000000
  0.00000000
  0.00000000
  0.00000000
 24.99999938
 14.70588231
  0.00000000
 19.99999980
  0.00000000
 28.57142816
  0.00000000
  0.00000000
 14.28571408
 13.63636357
 14.28571408
 19.04761896
  0.00000000
 16.66666639
 12.49999984
 33.33333296
 16.66666657
 27.77777770
  0.00000000
 19.99999980
  9.99999990
  0.00000000
  0.00000000
  0.00000000
  0.00000000
 39.99999960
 49.99999750
 19.99999980
  0.00000000
  0.00000000
  0.00000000
  0.00000000
  0.00000000
 38.18181811
  0.00000000
 27.27272715
 24.99999938
 16.66666657
 42.85714224
 29.99999970
  0.00000000
 29.62962952
 31.24999980
 11.99999995
 18.18181813
 44.44444395
 18.18181802
 24.99999991
 23.25581390
  1.23266564
  1.79514256
  0.00000000
  1.56438026
  0.00000000
  0.00000000
  0.00000000
  1.89504373
  0.00000000
  0.00000000
  0.00000000
  0.00000000
  0.00000000
  0.00000000
  0.00000000
  1.30581297
  0.00000000
  0.00000000
  0.00000000
  0.00000000
  0.00000000
  0.00000000
  0.00000000
  2.04081632
  9.09090901
  0.00000000
  0.00000000
  0.00000000
  0.00000000
  0.00000000
  0.00000000
  1.49659864
  2.32558139
  1.44927536
  0.00000000
  2.85714285
  0.00000000
  0.00000000
  0.00000000
  0.00000000
  0.00000000
  0.00000000
 33.33333222
  0.00000000
  0.00000000
  0.00000000
  0.00000000
  2.69953052
  3.61445783
  4.25531914
  0.00000000
  0.00000000
  0.00000000
  6.66666662
  0.00000000
  6.38297871
  0.00000000
  0.00000000
  0.00000000
  0.00000000
  0.00000000
  0.00000000
 19.99999960
  1.73010381
  0.00000000
  5.88235292
  0.00000000
  3.44827585
  0.00000000
  0.00000000
  0.00000000
 19.23076916
  0.00000000
  0.00000000
  0.00000000
  0.00000000
  0.00000000
  0.00000000
  0.00000000
  3.92156862
  0.00000000
  0.00000000
  0.00000000
  3.33333332
  0.00000000
  0.00000000
  0.00000000
  5.26315787
 12.49999984
  0.00000000
  0.00000000
  0.00000000
  0.00000000
  0.00000000
 11.11111099
  1.31578947
  0.00000000
  4.76190474
  0.00000000
  0.00000000
 16.66666639
 16.66666639
  0.00000000
  0.00000000
  0.00000000
  0.00000000
  0.00000000
  0.00000000
  0.00000000
  0.00000000
  0.00000000
  3.27868852
  6.24999996
  4.16666665
  0.00000000
 11.53846149
  0.00000000
  0.00000000
 24.99999938
  0.00000000
  0.00000000
  7.14285709
 16.66666639
  9.99999990
  0.00000000
  0.00000000
  5.55555552
  4.03225806
  4.99999997
  0.00000000
 14.28571408
  9.09090901
  0.00000000
  0.00000000
  0.00000000
  4.54545452
  0.00000000
  0.00000000
  0.00000000
  0.00000000
  0.00000000
  0.00000000
  0.00000000
  6.14035088
 10.34482755
  4.34782607
  0.00000000
  7.14285712
  0.00000000
  0.00000000
  0.00000000
  4.76190474
  0.00000000
  0.00000000
  0.00000000
  0.00000000
  0.00000000
  0.00000000
  0.00000000
  6.54761904
  0.00000000
  0.00000000
  0.00000000
  9.09090901
  0.00000000
  0.00000000
  0.00000000
  0.00000000
  0.00000000
  0.00000000
  0.00000000
  0.00000000
  0.00000000
  0.00000000
  0.00000000
  7.90513834
 16.66666657
  5.88235291
 16.66666639
  9.52380948
  0.00000000
  0.00000000
 33.33333222
  9.52380948
 49.99999875
  0.00000000
  0.00000000
  0.00000000
  0.00000000
  0.00000000
 24.99999938
  7.69230767
 19.99999960
 22.22222198
  0.00000000
  0.00000000
  0.00000000
  0.00000000
  0.00000000
  7.69230763
  3.84615382
  0.00000000
 33.33333222
  0.00000000
  0.00000000
  0.00000000
  0.00000000
  7.40740739
  0.00000000
  0.00000000
  0.00000000
 24.99999969
  0.00000000
 49.99999750
  0.00000000
 13.63636357
  0.00000000
 19.99999960
 33.33333222
 12.49999984
  0.00000000
  0.00000000
  0.00000000
 10.81081078
  0.00000000
  0.00000000
  0.00000000
 18.18181802
  0.00000000
  0.00000000
  0.00000000
  0.00000000
  0.00000000
  0.00000000
  0.00000000
  0.00000000
  0.00000000
  0.00000000
 33.33333222
  3.06122449
  0.00000000
 14.99999992
 24.99999938
 19.99999987
  0.00000000
  0.00000000
  0.00000000
 10.71428568
  0.00000000
 15.38461527
  8.33333326
  0.00000000
 14.28571408
  0.00000000
  5.88235291
