  0.03012474
  0.06707049
  0.10711967
  0.14932747
  0.19321665
  0.23849401
  0.28495935
  0.33246652
  0.38090375
  0.43018254
  0.48023093
  0.53098921
  0.58240692
  0.63444084
  0.68705349
  0.74021204
  0.79388748
  0.84805394
  0.90268825
  0.95776950
  1.01327869
  1.06919854
  1.12551320
  1.18220809
  1.23926977
  1.29668580
  1.35444462
  1.41253547
  1.47094827
  1.52967363
  1.58870271
  1.64802720
  1.70763928
  1.76753156
  1.82769707
  1.88812918
  1.94882162
  2.00976842
  2.07096393
  2.13240273
  2.19407967
  2.25598984
  2.31812852
  2.38049123
  2.44307364
  2.50587162
  2.56888121
  2.63209859
  2.69552010
  2.75914220
  2.82296150
  2.88697474
  2.95117874
  3.01557047
  3.08014697
  3.14490541
  3.20984304
  3.27495719
  3.34024529
  3.40570484
  3.47133343
  3.53712871
  3.60308839
  3.66921028
  3.73549223
  3.80193216
  3.86852803
  3.93527789
  4.00217980
  4.06923192
  4.13643242
  4.20377953
  4.27127153
  4.33890674
  4.40668352
  4.47460028
  4.54265546
  4.61084753
  4.67917502
  4.74763646
  4.81623045
  4.88495560
  4.95381055
  5.02279399
  5.09190462
  5.16114117
  5.23050240
  5.29998710
  5.36959409
  5.43932220
  5.50917029
  5.57913725
  5.64922199
  5.71942342
  5.78974052
  5.86017223
  5.93071756
  6.00137550
  6.07214510
  6.14302540
  6.21401545
  6.28511435
  6.35632118
  6.42763506
  6.49905512
  6.57058051
  6.64221038
  6.71394391
  6.78578028
  6.85771871
  6.92975839
  7.00189857
  7.07413848
  7.14647738
  7.21891453
  7.29144921
  7.36408071
  7.43680832
  7.50963136
  7.58254916
  7.65556103
  7.72866633
  7.80186441
  7.87515463
  7.94853636
  8.02200898
  8.09557188
  8.16922447
  8.24296614
  8.31679631
  8.39071441
  8.46471988
  8.53881214
  8.61299065
  8.68725487
  8.76160425
  8.83603827
  8.91055640
  8.98515813
  9.05984296
  9.13461037
  9.20945988
  9.28439099
  9.35940322
  9.43449610
  9.50966915
  9.58492192
  9.66025393
  9.73566475
  9.81115391
  9.88672099
  9.96236554
 10.03808713
 10.11388534
 10.18975975
 10.26570994
 10.34173549
 10.41783601
 10.49401109
 10.57026034
 10.64658336
 10.72297977
 10.79944918
 10.87599121
 10.95260549
 11.02929166
 11.10604934
 11.18287816
 11.25977778
 11.33674784
 11.41378799
 11.49089788
 11.56807717
 11.64532552
 11.72264259
 11.80002806
 11.87748159
 11.95500285
 12.03259153
 12.11024731
 12.18796988
 12.26575891
 12.34361411
 12.42153516
 12.49952176
 12.57757362
 12.65569043
 12.73387191
 12.81211776
 12.89042770
 12.96880143
 13.04723868
 13.12573917
 13.20430262
 13.28292875
 13.36161730
 13.44036799
 13.51918056
 13.59805474
 13.67699028
 13.75598690
 13.83504437
 13.91416241
 13.99334078
 14.07257923
 14.15187750
 14.23123537
 14.31065257
 14.39012888
 14.46966404
 14.54925783
 14.62891001
 14.70862034
 14.78838860
 14.86821456
 14.94809798
 15.02803865
 15.10803634
 15.18809083
 15.26820190
 15.34836934
 15.42859292
 15.50887244
 15.58920768
 15.66959843
 15.75004448
 15.83054563
 15.91110167
 15.99171240
 16.07237761
 16.15309710
 16.23387069
 16.31469816
 16.39557933
 16.47651399
 16.55750196
 16.63854305
 16.71963706
 16.80078382
 16.88198312
 16.96323479
 17.04453865
 17.12589450
 17.20730218
 17.28876149
 17.37027227
 17.45183433
 17.53344751
 17.61511161
 17.69682648
 17.77859194
 17.86040782
 17.94227395
 18.02419017
 18.10615630
  0.03830704
  0.07538534
  0.11201358
  0.14835260
  0.18447804
  0.22043420
  0.25625018
  0.29194661
  0.32753883
  0.36303873
  0.39845578
  0.43379770
  0.46907092
  0.50428083
  0.53943209
  0.57452868
  0.60957411
  0.64457145
  0.67952346
  0.71443256
  0.74930095
  0.78413062
  0.81892336
  0.85368083
  0.88840453
  0.92309583
  0.95775601
  0.99238626
  1.02698767
  1.06156125
  1.09610795
  1.13062866
  1.16512422
  1.19959540
  1.23404293
  1.26846751
  1.30286979
  1.33725039
  1.37160989
  1.40594884
  1.44026777
  1.47456717
  1.50884754
  1.54310931
  1.57735292
  1.61157878
  1.64578729
  1.67997883
  1.71415376
  1.74831242
  1.78245514
  1.81658226
  1.85069406
  1.88479086
  1.91887293
  1.95294055
  1.98699398
  2.02103348
  2.05505929
  2.08907165
  2.12307079
  2.15705693
  2.19103028
  2.22499106
  2.25893947
  2.29287569
  2.32679992
  2.36071234
  2.39461313
  2.42850246
  2.46238050
  2.49624742
  2.53010336
  2.56394848
  2.59778294
  2.63160688
  2.66542043
  2.69922375
  2.73301696
  2.76680019
  2.80057357
  2.83433722
  2.86809128
  2.90183585
  2.93557105
  2.96929699
  3.00301379
  3.03672154
  3.07042037
  3.10411036
  3.13779162
  3.17146425
  3.20512835
  3.23878400
  3.27243130
  3.30607034
  3.33970121
  3.37332399
  3.40693877
  3.44054563
  3.47414465
  3.50773591
  3.54131949
  3.57489547
  3.60846392
  3.64202491
  3.67557851
  3.70912480
  3.74266385
  3.77619572
  3.80972048
  3.84323820
  3.87674894
  3.91025276
  3.94374972
  3.97723990
  4.01072333
  4.04420010
  4.07767025
  4.11113383
  4.14459091
  4.17804155
  4.21148579
  4.24492368
  4.27835529
  4.31178066
  4.34519984
  4.37861288
  4.41201984
  4.44542076
  4.47881568
  4.51220466
  4.54558773
  4.57896496
  4.61233637
  4.64570202
  4.67906194
  4.71241619
  4.74576480
  4.77910781
  4.81244527
  4.84577722
  4.87910368
  4.91242472
  4.94574035
  4.97905063
  5.01235559
  5.04565526
  5.07894968
  5.11223889
  5.14552293
  5.17880182
  5.21207561
  5.24534433
  5.27860800
  5.31186668
  5.34512037
  5.37836913
  5.41161298
  5.44485196
  5.47808609
  5.51131540
  5.54453993
  5.57775970
  5.61097475
  5.64418511
  5.67739080
  5.71059185
  5.74378829
  5.77698015
  5.81016746
  5.84335024
  5.87652852
  5.90970233
  5.94287169
  5.97603663
  6.00919717
  6.04235334
  6.07550517
  6.10865268
  6.14179590
  6.17493484
  6.20806954
  6.24120001
  6.27432629
  6.30744838
  6.34056633
  6.37368014
  6.40678985
  6.43989546
  6.47299702
  6.50609453
  6.53918802
  6.57227752
  6.60536303
  6.63844459
  6.67152221
  6.70459591
  6.73766572
  6.77073165
  6.80379373
  6.83685196
  6.86990639
  6.90295701
  6.93600385
  6.96904694
  7.00208628
  7.03512190
  7.06815382
  7.10118205
  7.13420661
  7.16722752
  7.20024480
  7.23325846
  7.26626853
  7.29927501
  7.33227793
  7.36527730
  7.39827314
  7.43126547
  7.46425430
  7.49723964
  7.53022152
  7.56319996
  7.59617495
  7.62914653
  7.66211471
  7.69507950
  7.72804092
  7.76099898
  7.79395369
  7.82690508
  7.85985316
  7.89279794
  7.92573943
  7.95867766
  7.99161263
  8.02454436
  8.05747286
  8.09039814
  8.12332023
  8.15623913
  8.18915486
  8.22206743
  8.25497685
  8.28788314
  8.32078631
  8.35368638
  8.38658334
  8.41947723
  8.45236805
  8.48525581
  8.51814053
  8.55102221
  8.58390088
  0.12225520
  0.21290359
  0.29451647
  0.37076489
  0.44325752
  0.51289115
  0.58023379
  0.64567538
  0.70949904
  0.77191900
  0.83310258
  0.89318379
  0.95227218
  1.01045887
  1.06782071
  1.12442333
  1.18032339
  1.23557023
  1.29020720
  1.34427263
  1.39780068
  1.45082191
  1.50336386
  1.55545143
  1.60710727
  1.65835201
  1.70920456
  1.75968229
  1.80980122
  1.85957613
  1.90902075
  1.95814782
  2.00696921
  2.05549601
  2.10373858
  2.15170665
  2.19940932
  2.24685520
  2.29405237
  2.34100845
  2.38773067
  2.43422585
  2.48050047
  2.52656065
  2.57241225
  2.61806081
  2.66351160
  2.70876968
  2.75383985
  2.79872669
  2.84343461
  2.88796779
  2.93233028
  2.97652591
  3.02055840
  3.06443129
  3.10814801
  3.15171182
  3.19512589
  3.23839326
  3.28151686
  3.32449951
  3.36734393
  3.41005276
  3.45262852
  3.49507367
  3.53739059
  3.57958157
  3.62164881
  3.66359449
  3.70542066
  3.74712935
  3.78872252
  3.83020207
  3.87156982
  3.91282757
  3.95397705
  3.99501994
  4.03595789
  4.07679249
  4.11752527
  4.15815776
  4.19869141
  4.23912765
  4.27946788
  4.31971344
  4.35986565
  4.39992580
  4.43989515
  4.47977492
  4.51956629
  4.55927044
  4.59888849
  4.63842157
  4.67787074
  4.71723708
  4.75652162
  4.79572536
  4.83484929
  4.87389438
  4.91286158
  4.95175181
  4.99056597
  5.02930495
  5.06796962
  5.10656082
  5.14507938
  5.18352612
  5.22190184
  5.26020732
  5.29844331
  5.33661058
  5.37470986
  5.41274186
  5.45070730
  5.48860687
  5.52644125
  5.56421111
  5.60191710
  5.63955987
  5.67714005
  5.71465826
  5.75211511
  5.78951119
  5.82684710
  5.86412340
  5.90134067
  5.93849947
  5.97560034
  6.01264382
  6.04963044
  6.08656072
  6.12343518
  6.16025430
  6.19701860
  6.23372855
  6.27038464
  6.30698734
  6.34353711
  6.38003441
  6.41647968
  6.45287337
  6.48921592
  6.52550775
  6.56174929
  6.59794095
  6.63408314
  6.67017626
  6.70622072
  6.74221690
  6.77816519
  6.81406597
  6.84991961
  6.88572649
  6.92148697
  6.95720140
  6.99287015
  7.02849355
  7.06407196
  7.09960571
  7.13509514
  7.17054058
  7.20594235
  7.24130077
  7.27661617
  7.31188885
  7.34711912
  7.38230729
  7.41745366
  7.45255852
  7.48762217
  7.52264490
  7.55762698
  7.59256871
  7.62747036
  7.66233221
  7.69715452
  7.73193757
  7.76668162
  7.80138692
  7.83605375
  7.87068234
  7.90527297
  7.93982587
  7.97434128
  8.00881946
  8.04326064
  8.07766507
  8.11203296
  8.14636457
  8.18066011
  8.21491981
  8.24914389
  8.28333258
  8.31748610
  8.35160466
  8.38568848
  8.41973776
  8.45375272
  8.48773356
  8.52168049
  8.55559371
  8.58947342
  8.62331982
  8.65713310
  8.69091346
  8.72466108
  8.75837617
  8.79205890
  8.82570947
  8.85932805
  8.89291483
  8.92646998
  8.95999370
  8.99348614
  9.02694749
  9.06037791
  9.09377759
  9.12714669
  9.16048537
  9.19379380
  9.22707215
  9.26032058
  9.29353925
  9.32672831
  9.35988793
  9.39301827
  9.42611947
  9.45919169
  9.49223509
  9.52524981
  9.55823600
  9.59119381
  9.62412338
  9.65702486
  9.68989840
  9.72274413
  9.75556220
  9.78835274
  9.82111590
  9.85385181
  9.88656060
  9.91924241
  9.95189738
  9.98452563
 10.01712729
 10.04970251
 10.08225139
 10.11477408
 10.14727070
 10.17974136
 10.21218621
 10.24460535
 10.27699892
 10.30936702
  0.27067044
  0.43759564
  0.57958213
  0.70746532
  0.82579018
  0.93701631
  1.04266637
  1.14376637
  1.24104962
  1.33506337
  1.42622991
  1.51488379
  1.60129586
  1.68568931
  1.76825085
  1.84913872
  1.92848850
  2.00641753
  2.08302818
  2.15841051
  2.23264424
  2.30580038
  2.37794254
  2.44912801
  2.51940858
  2.58883128
  2.65743902
  2.72527102
  2.79236333
  2.85874911
  2.92445899
  2.98952135
  3.05396250
  3.11780695
  3.18107753
  3.24379560
  3.30598111
  3.36765282
  3.42882833
  3.48952420
  3.54975605
  3.60953862
  3.66888584
  3.72781089
  3.78632628
  3.84444387
  3.90217491
  3.95953014
  4.01651974
  4.07315344
  4.12944052
  4.18538983
  4.24100984
  4.29630865
  4.35129401
  4.40597335
  4.46035378
  4.51444216
  4.56824503
  4.62176872
  4.67501928
  4.72800256
  4.78072417
  4.83318953
  4.88540386
  4.93737220
  4.98909940
  5.04059017
  5.09184903
  5.14288037
  5.19368842
  5.24427729
  5.29465095
  5.34481325
  5.39476790
  5.44451853
  5.49406863
  5.54342159
  5.59258073
  5.64154922
  5.69033020
  5.73892667
  5.78734157
  5.83557775
  5.88363800
  5.93152500
  5.97924140
  6.02678974
  6.07417252
  6.12139216
  6.16845104
  6.21535145
  6.26209565
  6.30868582
  6.35512411
  6.40141259
  6.44755332
  6.49354826
  6.53939937
  6.58510854
  6.63067763
  6.67610844
  6.72140274
  6.76656226
  6.81158869
  6.85648370
  6.90124889
  6.94588584
  6.99039612
  7.03478123
  7.07904266
  7.12318187
  7.16720027
  7.21109927
  7.25488023
  7.29854450
  7.34209337
  7.38552815
  7.42885010
  7.47206044
  7.51516040
  7.55815116
  7.60103390
  7.64380976
  7.68647987
  7.72904533
  7.77150722
  7.81386661
  7.85612454
  7.89828205
  7.94034013
  7.98229979
  8.02416198
  8.06592768
  8.10759782
  8.14917333
  8.19065510
  8.23204405
  8.27334103
  8.31454693
  8.35566258
  8.39668883
  8.43762649
  8.47847637
  8.51923928
  8.55991598
  8.60050726
  8.64101388
  8.68143657
  8.72177607
  8.76203312
  8.80220841
  8.84230266
  8.88231656
  8.92225078
  8.96210600
  9.00188288
  9.04158207
  9.08120421
  9.12074994
  9.16021988
  9.19961464
  9.23893483
  9.27818104
  9.31735387
  9.35645390
  9.39548170
  9.43443783
  9.47332285
  9.51213732
  9.55088176
  9.58955672
  9.62816273
  9.66670030
  9.70516995
  9.74357219
  9.78190751
  9.82017641
  9.85837938
  9.89651689
  9.93458943
  9.97259746
 10.01054144
 10.04842183
 10.08623909
 10.12399365
 10.16168596
 10.19931646
 10.23688556
 10.27439370
 10.31184130
 10.34922877
 10.38655652
 10.42382494
 10.46103445
 10.49818544
 10.53527829
 10.57231340
 10.60929113
 10.64621188
 10.68307600
 10.71988388
 10.75663587
 10.79333233
 10.82997362
 10.86656008
 10.90309208
 10.93956994
 10.97599402
 11.01236464
 11.04868214
 11.08494684
 11.12115908
 11.15731918
 11.19342745
 11.22948420
 11.26548975
 11.30144442
 11.33734849
 11.37320228
 11.40900607
 11.44476018
 11.48046489
 11.51612049
 11.55172726
 11.58728549
 11.62279546
 11.65825745
 11.69367173
 11.72903857
 11.76435825
 11.79963103
 11.83485717
 11.87003694
 11.90517060
 11.94025839
 11.97530058
 12.01029741
 12.04524914
 12.08015602
 12.11501827
 12.14983616
 12.18460991
 12.21933976
 12.25402596
 12.28866872
 12.32326829
 12.35782489
 12.39233875
 12.42681009
 12.46123913
 12.49562609
 12.52997120
 12.56427466
 12.59853670
  0.33612631
  0.55018314
  0.73399322
  0.90055876
  1.05537355
  1.20142544
  1.34057114
  1.47406567
  1.60280834
  1.72747187
  1.84857636
  1.96653465
  2.08168148
  2.19429313
  2.30460103
  2.41280158
  2.51906327
  2.62353203
  2.72633539
  2.82758559
  2.92738209
  3.02581360
  3.12295962
  3.21889180
  3.31367499
  3.40736811
  3.50002495
  3.59169474
  3.68242271
  3.77225053
  3.86121672
  3.94935693
  4.03670432
  4.12328972
  4.20914192
  4.29428781
  4.37875258
  4.46255989
  4.54573196
  4.62828971
  4.71025287
  4.79164007
  4.87246894
  4.95275616
  5.03251755
  5.11176812
  5.19052216
  5.26879323
  5.34659427
  5.42393762
  5.50083503
  5.57729776
  5.65333655
  5.72896168
  5.80418300
  5.87900996
  5.95345160
  6.02751663
  6.10121339
  6.17454991
  6.24753391
  6.32017282
  6.39247381
  6.46444377
  6.53608936
  6.60741700
  6.67843287
  6.74914297
  6.81955309
  6.88966881
  6.95949555
  7.02903854
  7.09830285
  7.16729340
  7.23601495
  7.30447210
  7.37266934
  7.44061101
  7.50830133
  7.57574438
  7.64294416
  7.70990451
  7.77662921
  7.84312190
  7.90938614
  7.97542538
  8.04124300
  8.10684227
  8.17222639
  8.23739846
  8.30236153
  8.36711854
  8.43167238
  8.49602586
  8.56018173
  8.62414266
  8.68791126
  8.75149009
  8.81488164
  8.87808835
  8.94111259
  9.00395669
  9.06662293
  9.12911353
  9.19143065
  9.25357644
  9.31555296
  9.37736226
  9.43900633
  9.50048712
  9.56180654
  9.62296646
  9.68396872
  9.74481512
  9.80550740
  9.86604731
  9.92643653
  9.98667671
 10.04676949
 10.10671646
 10.16651918
 10.22617919
 10.28569800
 10.34507708
 10.40431788
 10.46342183
 10.52239033
 10.58122475
 10.63992644
 10.69849672
 10.75693690
 10.81524825
 10.87343204
 10.93148949
 10.98942182
 11.04723023
 11.10491588
 11.16247993
 11.21992352
 11.27724777
 11.33445376
 11.39154258
 11.44851530
 11.50537295
 11.56211657
 11.61874717
 11.67526575
 11.73167328
 11.78797074
 11.84415908
 11.90023923
 11.95621211
 12.01207864
 12.06783971
 12.12349620
 12.17904898
 12.23449891
 12.28984683
 12.34509357
 12.40023995
 12.45528678
 12.51023486
 12.56508497
 12.61983788
 12.67449436
 12.72905517
 12.78352104
 12.83789270
 12.89217088
 12.94635629
 13.00044963
 13.05445161
 13.10836289
 13.16218416
 13.21591608
 13.26955931
 13.32311450
 13.37658229
 13.42996331
 13.48325819
 13.53646755
 13.58959198
 13.64263210
 13.69558849
 13.74846175
 13.80125245
 13.85396116
 13.90658845
 13.95913487
 14.01160098
 14.06398733
 14.11629444
 14.16852285
 14.22067309
 14.27274567
 14.32474111
 14.37665992
 14.42850259
 14.48026963
 14.53196152
 14.58357874
 14.63512177
 14.68659109
 14.73798717
 14.78931046
 14.84056143
 14.89174052
 14.94284819
 14.99388488
 15.04485102
 15.09574704
 15.14657338
 15.19733046
 15.24801870
 15.29863850
 15.34919029
 15.39967447
 15.45009143
 15.50044158
 15.55072531
 15.60094300
 15.65109505
 15.70118183
 15.75120373
 15.80116110
 15.85105433
 15.90088378
 15.95064981
 16.00035278
 16.04999304
 16.09957095
 16.14908685
 16.19854109
 16.24793400
 16.29726594
 16.34653722
 16.39574818
 16.44489915
 16.49399046
 16.54302242
 16.59199535
 16.64090958
 16.68976541
 16.73856315
 16.78730310
 16.83598558
 16.88461088
 16.93317931
 16.98169115
 17.03014670
 17.07854625
 17.12689009
 17.17517850
 17.22341177
 17.27159016
  1.21580659
  1.76795912
  2.20085606
  2.57086898
  2.90019994
  3.20036392
  3.47826039
  3.73841636
  3.98399502
  4.21731135
  4.44012094
  4.65379331
  4.85942158
  5.05789508
  5.24994902
  5.43619960
  5.61716949
  5.79330659
  5.96499829
  6.13258236
  6.29635546
  6.45657983
  6.61348866
  6.76729044
  6.91817247
  7.06630378
  7.21183753
  7.35491303
  7.49565747
  7.63418731
  7.77060952
  7.90502267
  8.03751778
  8.16817913
  8.29708496
  8.42430802
  8.54991614
  8.67397266
  8.79653683
  8.91766421
  9.03740693
  9.15581404
  9.27293172
  9.38880351
  9.50347054
  9.61697171
  9.72934383
  9.84062181
  9.95083876
 10.06002616
 10.16821394
 10.27543057
 10.38170321
 10.48705775
 10.59151890
 10.69511028
 10.79785448
 10.89977311
 11.00088686
 11.10121558
 11.20077830
 11.29959327
 11.39767805
 11.49504948
 11.59172379
 11.68771659
 11.78304288
 11.87771714
 11.97175334
 12.06516491
 12.15796485
 12.25016570
 12.34177955
 12.43281812
 12.52329272
 12.61321429
 12.70259342
 12.79144037
 12.87976507
 12.96757715
 13.05488592
 13.14170044
 13.22802948
 13.31388155
 13.39926493
 13.48418764
 13.56865748
 13.65268203
 13.73626865
 13.81942452
 13.90215661
 13.98447168
 14.06637635
 14.14787704
 14.22898001
 14.30969136
 14.39001703
 14.46996280
 14.54953433
 14.62873712
 14.70757654
 14.78605783
 14.86418611
 14.94196636
 15.01940347
 15.09650219
 15.17326718
 15.24970297
 15.32581401
 15.40160464
 15.47707910
 15.55224154
 15.62709602
 15.70164651
 15.77589689
 15.84985097
 15.92351247
 15.99688503
 16.06997223
 16.14277754
 16.21530441
 16.28755617
 16.35953612
 16.43124747
 16.50269339
 16.57387696
 16.64480122
 16.71546915
 16.78588367
 16.85604762
 16.92596384
 16.99563506
 17.06506401
 17.13425332
 17.20320561
 17.27192343
 17.34040931
 17.40866570
 17.47669503
 17.54449968
 17.61208198
 17.67944425
 17.74658873
 17.81351765
 17.88023318
 17.94673748
 18.01303265
 18.07912077
 18.14500386
 18.21068395
 18.27616300
 18.34144296
 18.40652572
 18.47141318
 18.53610718
 18.60060953
 18.66492204
 18.72904646
 18.79298452
 18.85673795
 18.92030841
 18.98369756
 19.04690705
 19.10993846
 19.17279340
 19.23547341
 19.29798003
 19.36031478
 19.42247914
 19.48447459
 19.54630258
 19.60796453
 19.66946185
 19.73079593
 19.79196813
 19.85297981
 19.91383229
 19.97452689
 20.03506489
 20.09544758
 20.15567622
 20.21575203
 20.27567625
 20.33545009
 20.39507473
 20.45455136
 20.51388113
 20.57306518
 20.63210466
 20.69100067
 20.74975431
 20.80836667
 20.86683883
 20.92517184
 20.98336675
 21.04142459
 21.09934638
 21.15713313
 21.21478583
 21.27230547
 21.32969302
 21.38694943
 21.44407564
 21.50107261
 21.55794124
 21.61468245
 21.67129715
 21.72778623
 21.78415056
 21.84039101
 21.89650846
 21.95250374
 22.00837770
 22.06413116
 22.11976495
 22.17527989
 22.23067677
 22.28595638
 22.34111951
 22.39616694
 22.45109944
 22.50591775
 22.56062264
 22.61521484
 22.66969509
 22.72406411
 22.77832262
 22.83247134
 22.88651095
 22.94044216
 22.99426566
 23.04798212
 23.10159223
 23.15509663
 23.20849600
 23.26179098
 23.31498222
 23.36807036
 23.42105602
 23.47393985
 23.52672244
 23.57940442
 23.63198640
 23.68446897
 23.73685272
 23.78913825
 23.84132614
 23.89341696
 23.94541129
 23.99730969
 24.04911271
 24.10082093
 24.15243487
 24.20395509
 24.25538212
  8.19361080
  9.99914368
 11.23452566
 12.20254133
 13.01047152
 13.71015039
 14.33099612
 14.89147667
 15.40402271
 15.87744125
 16.31822238
 16.73130040
 17.12052311
 17.48895485
 17.83907970
 18.17294212
 18.49224693
 18.79843211
 19.09272287
 19.37617251
 19.64969383
 19.91408358
 20.17004173
 20.41818690
 20.65906878
 20.89317819
 21.12095541
 21.34279705
 21.55906173
 21.77007494
 21.97613306
 22.17750682
 22.37444426
 22.56717320
 22.75590351
 22.94082893
 23.12212874
 23.29996920
 23.47450481
 23.64587942
 23.81422720
 23.97967353
 24.14233574
 24.30232383
 24.45974108
 24.61468457
 24.76724571
 24.91751068
 25.06556080
 25.21147296
 25.35531986
 25.49717040
 25.63708988
 25.77514030
 25.91138055
 26.04586665
 26.17865191
 26.30978712
 26.43932072
 26.56729891
 26.69376585
 26.81876372
 26.94233287
 27.06451193
 27.18533790
 27.30484623
 27.42307094
 27.54004466
 27.65579875
 27.77036333
 27.88376734
 27.99603866
 28.10720408
 28.21728944
 28.32631962
 28.43431859
 28.54130948
 28.64731463
 28.75235557
 28.85645311
 28.95962737
 29.06189778
 29.16328314
 29.26380163
 29.36347086
 29.46230786
 29.56032915
 29.65755072
 29.75398806
 29.84965621
 29.94456976
 30.03874284
 30.13218919
 30.22492214
 30.31695465
 30.40829929
 30.49896830
 30.58897354
 30.67832660
 30.76703870
 30.85512079
 30.94258351
 31.02943723
 31.11569204
 31.20135776
 31.28644398
 31.37096003
 31.45491500
 31.53831777
 31.62117697
 31.70350106
 31.78529825
 31.86657657
 31.94734388
 32.02760782
 32.10737587
 32.18665532
 32.26545331
 32.34377681
 32.42163261
 32.49902738
 32.57596763
 32.65245972
 32.72850986
 32.80412415
 32.87930854
 32.95406886
 33.02841081
 33.10233998
 33.17586182
 33.24898170
 33.32170485
 33.39403640
 33.46598139
 33.53754474
 33.60873129
 33.67954576
 33.74999279
 33.82007694
 33.88980266
 33.95917432
 34.02819622
 34.09687257
 34.16520749
 34.23320504
 34.30086918
 34.36820383
 34.43521280
 34.50189987
 34.56826871
 34.63432297
 34.70006619
 34.76550187
 34.83063345
 34.89546431
 34.95999775
 35.02423703
 35.08818536
 35.15184589
 35.21522170
 35.27831584
 35.34113130
 35.40367101
 35.46593787
 35.52793473
 35.58966437
 35.65112955
 35.71233298
 35.77327732
 35.83396519
 35.89439916
 35.95458178
 36.01451554
 36.07420290
 36.13364629
 36.19284808
 36.25181062
 36.31053622
 36.36902716
 36.42728568
 36.48531398
 36.54311424
 36.60068860
 36.65803918
 36.71516804
 36.77207724
 36.82876880
 36.88524470
 36.94150691
 36.99755737
 37.05339797
 37.10903059
 37.16445709
 37.21967929
 37.27469899
 37.32951797
 37.38413798
 37.43856074
 37.49278796
 37.54682132
 37.60066247
 37.65431306
 37.70777468
 37.76104895
 37.81413741
 37.86704163
 37.91976313
 37.97230343
 38.02466401
 38.07684634
 38.12885187
 38.18068204
 38.23233826
 38.28382193
 38.33513443
 38.38627711
 38.43725132
 38.48805839
 38.53869963
 38.58917634
 38.63948979
 38.68964124
 38.73963195
 38.78946315
 38.83913605
 38.88865186
 38.93801177
 38.98721694
 39.03626855
 39.08516773
 39.13391563
 39.18251336
 39.23096203
 39.27926272
 39.32741654
 39.37542453
 39.42328776
 39.47100728
 39.51858411
 39.56601929
 39.61331380
 39.66046866
 39.70748486
 39.75436336
 39.80110513
 39.84771114
 39.89418231
 39.94051959
 39.98672389
 40.03279614
 40.07873723
 40.12454806
 40.17022951
 40.21578246
 40.26120777
 10.96871524
 13.45083389
 15.15559720
 16.49463300
 17.61421840
 18.58516845
 19.44773433
 20.22721565
 20.94065907
 21.60015285
 22.21461217
 22.79081990
 23.33406880
 23.84857645
 24.33776364
 24.80444717
 25.25097703
 25.67933624
 26.09121511
 26.48806735
 26.87115321
 27.24157312
 27.60029417
 27.94817132
 28.28596448
 28.61435241
 28.93394413
 29.24528838
 29.54888151
 29.84517409
 30.13457654
 30.41746379
 30.69417945
 30.96503922
 31.23033393
 31.49033215
 31.74528245
 31.99541539
 32.24094526
 32.48207161
 32.71898062
 32.95184626
 33.18083141
 33.40608876
 33.62776170
 33.84598506
 34.06088579
 34.27258359
 34.48119147
 34.68681622
 34.88955892
 35.08951529
 35.28677614
 35.48142765
 35.67355171
 35.86322622
 36.05052532
 36.23551966
 36.41827663
 36.59886052
 36.77733276
 36.95375205
 37.12817457
 37.30065407
 37.47124206
 37.63998792
 37.80693899
 37.97214074
 38.13563683
 38.29746919
 38.45767818
 38.61630260
 38.77337981
 38.92894579
 39.08303521
 39.23568150
 39.38691689
 39.53677251
 39.68527838
 39.83246352
 39.97835597
 40.12298284
 40.26637033
 40.40854382
 40.54952785
 40.68934619
 40.82802186
 40.96557719
 41.10203380
 41.23741267
 41.37173413
 41.50501795
 41.63728327
 41.76854872
 41.89883237
 42.02815177
 42.15652401
 42.28396568
 42.41049291
 42.53612141
 42.66086645
 42.78474290
 42.90776523
 43.02994755
 43.15130358
 43.27184670
 43.39158996
 43.51054605
 43.62872737
 43.74614600
 43.86281374
 43.97874209
 44.09394227
 44.20842524
 44.32220170
 44.43528209
 44.54767663
 44.65939527
 44.77044776
 44.88084362
 44.99059216
 45.09970247
 45.20818346
 45.31604382
 45.42329207
 45.52993654
 45.63598537
 45.74144655
 45.84632789
 45.95063703
 46.05438146
 46.15756851
 46.26020536
 46.36229906
 46.46385650
 46.56488444
 46.66538950
 46.76537817
 46.86485682
 46.96383170
 47.06230892
 47.16029450
 47.25779431
 47.35481415
 47.45135969
 47.54743648
 47.64305000
 47.73820560
 47.83290856
 47.92716403
 48.02097711
 48.11435276
 48.20729590
 48.29981132
 48.39190377
 48.48357787
 48.57483821
 48.66568925
 48.75613541
 48.84618103
 48.93583036
 49.02508759
 49.11395684
 49.20244218
 49.29054756
 49.37827693
 49.46563413
 49.55262296
 49.63924715
 49.72551037
 49.81141623
 49.89696830
 49.98217007
 50.06702500
 50.15153647
 50.23570782
 50.31954235
 50.40304330
 50.48621385
 50.56905715
 50.65157629
 50.73377432
 50.81565424
 50.89721902
 50.97847157
 51.05941477
 51.14005144
 51.22038437
 51.30041632
 51.38015000
 51.45958808
 51.53873319
 51.61758793
 51.69615488
 51.77443654
 51.85243541
 51.93015395
 52.00759458
 52.08475969
 52.16165164
 52.23827276
 52.31462533
 52.39071163
 52.46653388
 52.54209428
 52.61739503
 52.69243825
 52.76722607
 52.84176058
 52.91604385
 52.99007790
 53.06386476
 53.13740641
 53.21070480
 53.28376188
 53.35657956
 53.42915971
 53.50150421
 53.57361490
 53.64549360
 53.71714210
 53.78856217
 53.85975557
 53.93072403
 54.00146926
 54.07199294
 54.14229676
 54.21238235
 54.28225135
 54.35190536
 54.42134599
 54.49057480
 54.55959335
 54.62840318
 54.69700580
 54.76540271
 54.83359541
 54.90158535
 54.96937400
 55.03696278
 55.10435311
 55.17154639
 55.23854402
 55.30534736
 55.37195777
 55.43837659
 55.50460514
 55.57064475
 55.63649670
 55.70216228
 55.76764276
 55.83293940
 55.89805344
 55.96298611
 56.02773862
