  0.00034364
  0.00131371
  0.00287857
  0.00502217
  0.00773357
  0.01100449
  0.01482824
  0.01919927
  0.02411282
  0.02956470
  0.03555123
  0.04206908
  0.04911523
  0.05668692
  0.06478161
  0.07339696
  0.08253075
  0.09218096
  0.10234564
  0.11302299
  0.12421129
  0.13590891
  0.14811430
  0.16082600
  0.17404259
  0.18776274
  0.20198515
  0.21670858
  0.23193185
  0.24765381
  0.26387335
  0.28058942
  0.29780099
  0.31550705
  0.33370664
  0.35239884
  0.37158273
  0.39125744
  0.41142210
  0.43207590
  0.45321802
  0.47484767
  0.49696409
  0.51956653
  0.54265426
  0.56622657
  0.59028276
  0.61482215
  0.63984409
  0.66534791
  0.69133298
  0.71779869
  0.74474442
  0.77216957
  0.80007356
  0.82845582
  0.85731578
  0.88665289
  0.91646662
  0.94675642
  0.97752177
  1.00876217
  1.04047710
  1.07266608
  1.10532860
  1.13846421
  1.17207241
  1.20615276
  1.24070478
  1.27572804
  1.31122209
  1.34718649
  1.38362082
  1.42052464
  1.45789755
  1.49573913
  1.53404898
  1.57282669
  1.61207188
  1.65178415
  1.69196312
  1.73260842
  1.77371966
  1.81529648
  1.85733851
  1.89984540
  1.94281679
  1.98625233
  2.03015167
  2.07451447
  2.11934040
  2.16462911
  2.21038028
  2.25659359
  2.30326870
  2.35040530
  2.39800307
  2.44606171
  2.49458090
  2.54356034
  2.59299972
  2.64289875
  2.69325713
  2.74407457
  2.79535078
  2.84708547
  2.89927836
  2.95192916
  3.00503761
  3.05860341
  3.11262631
  3.16710603
  3.22204230
  3.27743485
  3.33328344
  3.38958779
  3.44634764
  3.50356275
  3.56123285
  3.61935771
  3.67793706
  3.73697066
  3.79645828
  3.85639966
  3.91679457
  3.97764277
  4.03894402
  4.10069809
  4.16290474
  4.22556376
  4.28867490
  4.35223795
  4.41625267
  4.48071885
  4.54563626
  4.61100469
  4.67682392
  4.74309373
  4.80981391
  4.87698424
  4.94460452
  5.01267453
  5.08119408
  5.15016294
  5.21958093
  5.28944782
  5.35976343
  5.43052756
  5.50174000
  5.57340056
  5.64550903
  5.71806524
  5.79106898
  5.86452006
  5.93841829
  6.01276349
  6.08755546
  6.16279403
  6.23847899
  6.31461018
  6.39118740
  6.46821048
  6.54567923
  6.62359348
  6.70195304
  6.78075775
  6.86000742
  6.93970189
  7.01984097
  7.10042449
  7.18145229
  7.26292420
  7.34484004
  7.42719964
  7.51000285
  7.59324948
  7.67693939
  7.76107240
  7.84564835
  7.93066708
  8.01612843
  8.10203223
  8.18837833
  8.27516658
  8.36239680
  8.45006886
  8.53818258
  8.62673782
  8.71573442
  8.80517223
  8.89505110
  8.98537088
  9.07613141
  9.16733254
  9.25897414
  9.35105604
  9.44357810
  9.53654018
  9.62994213
  9.72378381
  9.81806507
  9.91278576
 10.00794576
 10.10354490
 10.19958306
 10.29606010
 10.39297586
 10.49033022
 10.58812304
 10.68635418
 10.78502350
 10.88413087
 10.98367614
 11.08365920
 11.18407990
 11.28493810
 11.38623369
 11.48796652
 11.59013646
 11.69274339
 11.79578717
 11.89926767
 12.00318477
 12.10753833
 12.21232823
 12.31755435
 12.42321655
 12.52931471
 12.63584870
 12.74281841
 12.85022370
 12.95806445
 13.06634055
 13.17505186
 13.28419827
 13.39377965
 13.50379588
 13.61424685
 13.72513244
 13.83645252
 13.94820697
 14.06039568
 14.17301854
 14.28607542
 14.39956621
 14.51349079
 14.62784904
 14.74264086
 14.85786612
 14.97352472
 15.08961654
 15.20614146
 15.32309938
 15.44049018
 15.55831375
  0.04944460
  0.08494545
  0.11657858
  0.14593566
  0.17370862
  0.20028114
  0.22589521
  0.25071638
  0.27486453
  0.29843013
  0.32148368
  0.34408153
  0.36626967
  0.38808630
  0.40956356
  0.43072890
  0.45160593
  0.47221524
  0.49257487
  0.51270076
  0.53260711
  0.55230658
  0.57181062
  0.59112953
  0.61027267
  0.62924860
  0.64806512
  0.66672940
  0.68524806
  0.70362718
  0.72187244
  0.73998907
  0.75798195
  0.77585566
  0.79361445
  0.81126230
  0.82880298
  0.84624000
  0.86357667
  0.88081613
  0.89796134
  0.91501508
  0.93198001
  0.94885864
  0.96565336
  0.98236643
  0.99900001
  1.01555617
  1.03203685
  1.04844395
  1.06477925
  1.08104445
  1.09724121
  1.11337109
  1.12943560
  1.14543619
  1.16137425
  1.17725111
  1.19306805
  1.20882631
  1.22452709
  1.24017152
  1.25576072
  1.27129576
  1.28677765
  1.30220741
  1.31758598
  1.33291430
  1.34819327
  1.36342377
  1.37860662
  1.39374265
  1.40883266
  1.42387741
  1.43887764
  1.45383407
  1.46874742
  1.48361835
  1.49844754
  1.51323562
  1.52798322
  1.54269095
  1.55735941
  1.57198916
  1.58658077
  1.60113478
  1.61565174
  1.63013215
  1.64457652
  1.65898534
  1.67335911
  1.68769828
  1.70200331
  1.71627465
  1.73051274
  1.74471800
  1.75889085
  1.77303170
  1.78714095
  1.80121897
  1.81526616
  1.82928289
  1.84326952
  1.85722640
  1.87115388
  1.88505231
  1.89892201
  1.91276333
  1.92657656
  1.94036204
  1.95412006
  1.96785093
  1.98155495
  1.99523240
  2.00888356
  2.02250872
  2.03610815
  2.04968211
  2.06323087
  2.07675469
  2.09025382
  2.10372851
  2.11717900
  2.13060553
  2.14400834
  2.15738766
  2.17074372
  2.18407674
  2.19738693
  2.21067452
  2.22393971
  2.23718272
  2.25040375
  2.26360300
  2.27678066
  2.28993694
  2.30307202
  2.31618610
  2.32927936
  2.34235197
  2.35540413
  2.36843601
  2.38144777
  2.39443960
  2.40741166
  2.42036412
  2.43329714
  2.44621088
  2.45910551
  2.47198117
  2.48483802
  2.49767622
  2.51049590
  2.52329723
  2.53608034
  2.54884539
  2.56159250
  2.57432182
  2.58703349
  2.59972763
  2.61240440
  2.62506391
  2.63770629
  2.65033168
  2.66294020
  2.67553198
  2.68810713
  2.70066578
  2.71320805
  2.72573406
  2.73824392
  2.75073775
  2.76321566
  2.77567777
  2.78812418
  2.80055500
  2.81297035
  2.82537033
  2.83775504
  2.85012459
  2.86247908
  2.87481861
  2.88714328
  2.89945319
  2.91174844
  2.92402913
  2.93629535
  2.94854719
  2.96078475
  2.97300812
  2.98521740
  2.99741266
  3.00959401
  3.02176152
  3.03391528
  3.04605539
  3.05818193
  3.07029497
  3.08239460
  3.09448091
  3.10655398
  3.11861388
  3.13066070
  3.14269452
  3.15471540
  3.16672343
  3.17871869
  3.19070125
  3.20267118
  3.21462857
  3.22657347
  3.23850596
  3.25042612
  3.26233402
  3.27422971
  3.28611329
  3.29798480
  3.30984433
  3.32169193
  3.33352767
  3.34535163
  3.35716386
  3.36896442
  3.38075339
  3.39253083
  3.40429679
  3.41605134
  3.42779454
  3.43952645
  3.45124714
  3.46295666
  3.47465506
  3.48634242
  3.49801878
  3.50968420
  3.52133875
  3.53298247
  3.54461542
  3.55623766
  3.56784924
  3.57945022
  3.59104065
  3.60262058
  3.61419006
  3.62574916
  3.63729791
  3.64883637
  3.66036459
  3.67188263
  3.68339052
  3.69488833
  3.70637610
  3.71785387
  3.72932170
  3.74077964
  0.07658346
  0.13118530
  0.17972987
  0.22471671
  0.26723056
  0.30787219
  0.34702018
  0.38493337
  0.42179901
  0.45775839
  0.49292153
  0.52737636
  0.56119459
  0.59443576
  0.62714997
  0.65937997
  0.69116256
  0.72252978
  0.75350971
  0.78412717
  0.81440424
  0.84436064
  0.87401414
  0.90338078
  0.93247513
  0.96131046
  0.98989892
  1.01825164
  1.04637890
  1.07429017
  1.10199423
  1.12949924
  1.15681278
  1.18394192
  1.21089329
  1.23767308
  1.26428710
  1.29074083
  1.31703940
  1.34318767
  1.36919024
  1.39505142
  1.42077534
  1.44636590
  1.47182678
  1.49716150
  1.52237343
  1.54746573
  1.57244147
  1.59730353
  1.62205470
  1.64669764
  1.67123488
  1.69566885
  1.72000190
  1.74423627
  1.76837410
  1.79241746
  1.81636835
  1.84022868
  1.86400029
  1.88768496
  1.91128440
  1.93480026
  1.95823414
  1.98158757
  2.00486206
  2.02805903
  2.05117989
  2.07422597
  2.09719858
  2.12009899
  2.14292842
  2.16568805
  2.18837905
  2.21100253
  2.23355958
  2.25605124
  2.27847855
  2.30084250
  2.32314405
  2.34538415
  2.36756372
  2.38968364
  2.41174478
  2.43374799
  2.45569408
  2.47758388
  2.49941814
  2.52119764
  2.54292313
  2.56459532
  2.58621492
  2.60778263
  2.62929911
  2.65076504
  2.67218105
  2.69354776
  2.71486581
  2.73613578
  2.75735826
  2.77853384
  2.79966306
  2.82074649
  2.84178465
  2.86277808
  2.88372729
  2.90463279
  2.92549507
  2.94631462
  2.96709190
  2.98782740
  3.00852155
  3.02917482
  3.04978763
  3.07036043
  3.09089362
  3.11138762
  3.13184285
  3.15225969
  3.17263854
  3.19297978
  3.21328380
  3.23355095
  3.25378160
  3.27397612
  3.29413484
  3.31425812
  3.33434630
  3.35439970
  3.37441865
  3.39440348
  3.41435449
  3.43427201
  3.45415634
  3.47400777
  3.49382661
  3.51361314
  3.53336765
  3.55309042
  3.57278173
  3.59244185
  3.61207106
  3.63166961
  3.65123776
  3.67077577
  3.69028390
  3.70976239
  3.72921149
  3.74863143
  3.76802246
  3.78738482
  3.80671872
  3.82602440
  3.84530208
  3.86455198
  3.88377433
  3.90296933
  3.92213719
  3.94127813
  3.96039236
  3.97948006
  3.99854145
  4.01757673
  4.03658608
  4.05556969
  4.07452777
  4.09346049
  4.11236804
  4.13125060
  4.15010835
  4.16894147
  4.18775014
  4.20653452
  4.22529479
  4.24403111
  4.26274366
  4.28143259
  4.30009807
  4.31874026
  4.33735932
  4.35595540
  4.37452866
  4.39307925
  4.41160732
  4.43011302
  4.44859649
  4.46705789
  4.48549735
  4.50391502
  4.52231104
  4.54068555
  4.55903867
  4.57737056
  4.59568134
  4.61397115
  4.63224011
  4.65048835
  4.66871601
  4.68692321
  4.70511007
  4.72327673
  4.74142329
  4.75954988
  4.77765663
  4.79574365
  4.81381105
  4.83185896
  4.84988748
  4.86789674
  4.88588684
  4.90385789
  4.92181001
  4.93974330
  4.95765787
  4.97555383
  4.99343128
  5.01129032
  5.02913107
  5.04695362
  5.06475807
  5.08254452
  5.10031308
  5.11806384
  5.13579689
  5.15351234
  5.17121028
  5.18889080
  5.20655400
  5.22419997
  5.24182880
  5.25944058
  5.27703540
  5.29461335
  5.31217453
  5.32971901
  5.34724688
  5.36475823
  5.38225314
  5.39973170
  5.41719399
  5.43464010
  5.45207010
  5.46948407
  5.48688210
  5.50426427
  5.52163065
  5.53898133
  5.55631638
  5.57363587
  5.59093989
  5.60822850
  5.62550179
  5.64275983
  5.66000269
  0.01241747
  0.02863013
  0.04667044
  0.06601056
  0.08637852
  0.10760489
  0.12957278
  0.15219610
  0.17540849
  0.19915712
  0.22339876
  0.24809734
  0.27322228
  0.29874723
  0.32464928
  0.35090827
  0.37750635
  0.40442753
  0.43165746
  0.45918314
  0.48699274
  0.51507545
  0.54342136
  0.57202131
  0.60086687
  0.62995018
  0.65926394
  0.68880133
  0.71855600
  0.74852194
  0.77869356
  0.80906554
  0.83963291
  0.87039093
  0.90133514
  0.93246129
  0.96376536
  0.99524351
  1.02689208
  1.05870760
  1.09068674
  1.12282631
  1.15512328
  1.18757473
  1.22017786
  1.25292998
  1.28582851
  1.31887097
  1.35205498
  1.38537822
  1.41883849
  1.45243364
  1.48616161
  1.52002040
  1.55400808
  1.58812279
  1.62236271
  1.65672610
  1.69121127
  1.72581657
  1.76054040
  1.79538122
  1.83033753
  1.86540787
  1.90059081
  1.93588498
  1.97128904
  2.00680168
  2.04242164
  2.07814766
  2.11397855
  2.14991313
  2.18595025
  2.22208880
  2.25832769
  2.29466584
  2.33110223
  2.36763583
  2.40426565
  2.44099073
  2.47781011
  2.51472287
  2.55172810
  2.58882492
  2.62601246
  2.66328986
  2.70065631
  2.73811098
  2.77565307
  2.81328180
  2.85099642
  2.88879616
  2.92668029
  2.96464808
  3.00269884
  3.04083186
  3.07904647
  3.11734199
  3.15571776
  3.19417315
  3.23270751
  3.27132023
  3.31001070
  3.34877831
  3.38762248
  3.42654261
  3.46553816
  3.50460854
  3.54375322
  3.58297164
  3.62226329
  3.66162762
  3.70106413
  3.74057231
  3.78015165
  3.81980166
  3.85952187
  3.89931179
  3.93917095
  3.97909889
  4.01909515
  4.05915929
  4.09929086
  4.13948942
  4.17975455
  4.22008583
  4.26048282
  4.30094513
  4.34147235
  4.38206407
  4.42271991
  4.46343947
  4.50422236
  4.54506822
  4.58597666
  4.62694732
  4.66797983
  4.70907384
  4.75022899
  4.79144493
  4.83272131
  4.87405779
  4.91545404
  4.95690973
  4.99842452
  5.03999810
  5.08163013
  5.12332032
  5.16506833
  5.20687387
  5.24873663
  5.29065630
  5.33263260
  5.37466522
  5.41675387
  5.45889827
  5.50109814
  5.54335318
  5.58566313
  5.62802771
  5.67044665
  5.71291968
  5.75544653
  5.79802694
  5.84066066
  5.88334741
  5.92608696
  5.96887905
  6.01172343
  6.05461985
  6.09756807
  6.14056785
  6.18361895
  6.22672114
  6.26987418
  6.31307784
  6.35633189
  6.39963611
  6.44299027
  6.48639415
  6.52984753
  6.57335019
  6.61690192
  6.66050250
  6.70415172
  6.74784938
  6.79159527
  6.83538917
  6.87923090
  6.92312024
  6.96705700
  7.01104097
  7.05507198
  7.09914981
  7.14327429
  7.18744521
  7.23166239
  7.27592564
  7.32023479
  7.36458964
  7.40899001
  7.45343572
  7.49792660
  7.54246247
  7.58704315
  7.63166847
  7.67633826
  7.72105234
  7.76581054
  7.81061271
  7.85545866
  7.90034825
  7.94528129
  7.99025764
  8.03527713
  8.08033959
  8.12544488
  8.17059283
  8.21578330
  8.26101612
  8.30629114
  8.35160821
  8.39696718
  8.44236790
  8.48781022
  8.53329399
  8.57881908
  8.62438533
  8.66999260
  8.71564075
  8.76132964
  8.80705912
  8.85282906
  8.89863932
  8.94448976
  8.99038025
  9.03631065
  9.08228083
  9.12829065
  9.17433999
  9.22042870
  9.26655667
  9.31272377
  9.35892985
  9.40517481
  9.45145851
  9.49778082
  9.54414163
  9.59054080
  9.63697822
  9.68345377
  9.72996732
  9.77651875
  9.82310795
  9.86973480
  0.09314387
  0.17029133
  0.24236790
  0.31133705
  0.37808399
  0.44311186
  0.50674409
  0.56920549
  0.63066094
  0.69123634
  0.75103080
  0.81012427
  0.86858254
  0.92646063
  0.98380522
  1.04065638
  1.09704884
  1.15301300
  1.20857567
  1.26376066
  1.31858925
  1.37308056
  1.42725187
  1.48111887
  1.53469583
  1.58799585
  1.64103093
  1.69381213
  1.74634968
  1.79865304
  1.85073102
  1.90259181
  1.95424307
  2.00569196
  2.05694520
  2.10800908
  2.15888953
  2.20959216
  2.26012223
  2.31048474
  2.36068441
  2.41072573
  2.46061293
  2.51035008
  2.55994101
  2.60938939
  2.65869872
  2.70787234
  2.75691342
  2.80582504
  2.85461010
  2.90327140
  2.95181164
  3.00023338
  3.04853912
  3.09673121
  3.14481196
  3.19278357
  3.24064816
  3.28840778
  3.33606440
  3.38361993
  3.43107621
  3.47843502
  3.52569807
  3.57286703
  3.61994350
  3.66692904
  3.71382517
  3.76063335
  3.80735499
  3.85399146
  3.90054411
  3.94701423
  3.99340308
  4.03971188
  4.08594182
  4.13209406
  4.17816972
  4.22416989
  4.27009564
  4.31594800
  4.36172800
  4.40743660
  4.45307478
  4.49864346
  4.54414355
  4.58957596
  4.63494154
  4.68024114
  4.72547560
  4.77064571
  4.81575227
  4.86079605
  4.90577780
  4.95069826
  4.99555815
  5.04035818
  5.08509904
  5.12978139
  5.17440591
  5.21897323
  5.26348399
  5.30793881
  5.35233830
  5.39668305
  5.44097365
  5.48521066
  5.52939464
  5.57352616
  5.61760573
  5.66163390
  5.70561118
  5.74953808
  5.79341509
  5.83724271
  5.88102142
  5.92475170
  5.96843399
  6.01206876
  6.05565646
  6.09919752
  6.14269238
  6.18614146
  6.22954517
  6.27290394
  6.31621815
  6.35948821
  6.40271450
  6.44589741
  6.48903732
  6.53213459
  6.57518960
  6.61820269
  6.66117422
  6.70410455
  6.74699400
  6.78984293
  6.83265165
  6.87542050
  6.91814980
  6.96083986
  7.00349101
  7.04610353
  7.08867774
  7.13121394
  7.17371242
  7.21617346
  7.25859737
  7.30098440
  7.34333485
  7.38564899
  7.42792708
  7.47016940
  7.51237620
  7.55454775
  7.59668430
  7.63878609
  7.68085339
  7.72288643
  7.76488545
  7.80685070
  7.84878241
  7.89068081
  7.93254613
  7.97437860
  8.01617844
  8.05794587
  8.09968112
  8.14138438
  8.18305589
  8.22469584
  8.26630444
  8.30788191
  8.34942843
  8.39094421
  8.43242946
  8.47388435
  8.51530909
  8.55670386
  8.59806886
  8.63940426
  8.68071026
  8.72198703
  8.76323475
  8.80445361
  8.84564377
  8.88680541
  8.92793870
  8.96904381
  9.01012090
  9.05117015
  9.09219172
  9.13318576
  9.17415244
  9.21509192
  9.25600435
  9.29688989
  9.33774870
  9.37858091
  9.41938670
  9.46016619
  9.50091954
  9.54164690
  9.58234841
  9.62302420
  9.66367443
  9.70429923
  9.74489874
  9.78547310
  9.82602244
  9.86654689
  9.90704659
  9.94752167
  9.98797226
 10.02839849
 10.06880048
 10.10917837
 10.14953226
 10.18986230
 10.23016860
 10.27045129
 10.31071048
 10.35094629
 10.39115884
 10.43134824
 10.47151462
 10.51165809
 10.55177876
 10.59187674
 10.63195215
 10.67200509
 10.71203567
 10.75204401
 10.79203021
 10.83199437
 10.87193661
 10.91185702
 10.95175571
 10.99163278
 11.03148834
 11.07132249
 11.11113531
 11.15092693
 11.19069742
 11.23044689
 11.27017544
 11.30988316
 11.34957015
 11.38923650
 11.42888230
 11.46850765
 11.50811264
 11.54769735
 11.58726188
  0.17535071
  0.31791072
  0.45025453
  0.57637190
  0.69805278
  0.81631115
  0.93179720
  1.04496185
  1.15613528
  1.26556919
  1.37346146
  1.47997153
  1.58523043
  1.68934767
  1.79241603
  1.89451509
  1.99571379
  2.09607243
  2.19564413
  2.29447603
  2.39261026
  2.49008465
  2.58693334
  2.68318732
  2.77887482
  2.87402164
  2.96865146
  3.06278611
  3.15644573
  3.24964898
  3.34241319
  3.43475450
  3.52668797
  3.61822768
  3.70938684
  3.80017782
  3.89061230
  3.98070124
  4.07045501
  4.15988341
  4.24899571
  4.33780070
  4.42630672
  4.51452169
  4.60245316
  4.69010830
  4.77749397
  4.86461670
  4.95148274
  5.03809806
  5.12446838
  5.21059917
  5.29649569
  5.38216298
  5.46760588
  5.55282903
  5.63783692
  5.72263385
  5.80722397
  5.89161127
  5.97579962
  6.05979272
  6.14359418
  6.22720745
  6.31063590
  6.39388277
  6.47695119
  6.55984421
  6.64256476
  6.72511569
  6.80749977
  6.88971968
  6.97177802
  7.05367731
  7.13542001
  7.21700850
  7.29844509
  7.37973203
  7.46087150
  7.54186565
  7.62271654
  7.70342619
  7.78399656
  7.86442957
  7.94472708
  8.02489092
  8.10492285
  8.18482460
  8.26459786
  8.34424429
  8.42376547
  8.50316300
  8.58243839
  8.66159316
  8.74062875
  8.81954661
  8.89834813
  8.97703468
  9.05560760
  9.13406819
  9.21241775
  9.29065752
  9.36878873
  9.44681258
  9.52473026
  9.60254291
  9.68025167
  9.75785764
  9.83536191
  9.91276555
  9.99006959
 10.06727507
 10.14438298
 10.22139431
 10.29831003
 10.37513108
 10.45185840
 10.52849291
 10.60503549
 10.68148703
 10.75784839
 10.83412044
 10.91030399
 10.98639988
 11.06240890
 11.13833186
 11.21416952
 11.28992267
 11.36559204
 11.44117839
 11.51668243
 11.59210490
 11.66744649
 11.74270789
 11.81788979
 11.89299286
 11.96801777
 12.04296516
 12.11783567
 12.19262994
 12.26734859
 12.34199222
 12.41656145
 12.49105686
 12.56547904
 12.63982857
 12.71410601
 12.78831193
 12.86244687
 12.93651139
 13.01050600
 13.08443125
 13.15828766
 13.23207573
 13.30579597
 13.37944889
 13.45303497
 13.52655471
 13.60000857
 13.67339704
 13.74672058
 13.81997965
 13.89317470
 13.96630618
 14.03937454
 14.11238021
 14.18532362
 14.25820520
 14.33102536
 14.40378453
 14.47648311
 14.54912150
 14.62170011
 14.69421933
 14.76667955
 14.83908115
 14.91142452
 14.98371002
 15.05593804
 15.12810893
 15.20022306
 15.27228079
 15.34428247
 15.41622845
 15.48811907
 15.55995468
 15.63173561
 15.70346221
 15.77513479
 15.84675368
 15.91831922
 15.98983170
 16.06129146
 16.13269880
 16.20405403
 16.27535746
 16.34660938
 16.41781010
 16.48895991
 16.56005911
 16.63110797
 16.70210679
 16.77305586
 16.84395544
 16.91480582
 16.98560727
 17.05636006
 17.12706446
 17.19772074
 17.26832916
 17.33888997
 17.40940344
 17.47986982
 17.55028936
 17.62066232
 17.69098893
 17.76126946
 17.83150412
 17.90169318
 17.97183686
 18.04193540
 18.11198904
 18.18199799
 18.25196251
 18.32188280
 18.39175909
 18.46159161
 18.53138058
 18.60112621
 18.67082872
 18.74048833
 18.81010524
 18.87967967
 18.94921182
 19.01870190
 19.08815012
 19.15755667
 19.22692176
 19.29624559
 19.36552835
 19.43477024
 19.50397146
 19.57313218
 19.64225261
 19.71133294
 19.78037334
 19.84937401
 19.91833513
 19.98725688
 20.05613943
 20.12498298
 20.19378770
 20.26255376
 20.33128133
 20.39997060
  0.49846647
  0.82911364
  1.11654947
  1.37908862
  1.62454309
  1.85718891
  2.07969640
  2.29387783
  2.50103627
  2.70214934
  2.89797487
  3.08911583
  3.27606214
  3.45921894
  3.63892626
  3.81547310
  3.98910777
  4.16004570
  4.32847536
  4.49456285
  4.65845558
  4.82028511
  4.98016954
  5.13821537
  5.29451911
  5.44916855
  5.60224387
  5.75381854
  5.90396012
  6.05273091
  6.20018851
  6.34638634
  6.49137406
  6.63519790
  6.77790104
  6.91952388
  7.06010428
  7.19967779
  7.33827783
  7.47593590
  7.61268173
  7.74854340
  7.88354747
  8.01771913
  8.15108224
  8.28365950
  8.41547247
  8.54654169
  8.67688671
  8.80652620
  8.93547798
  9.06375907
  9.19138576
  9.31837366
  9.44473768
  9.57049217
  9.69565088
  9.82022699
  9.94423321
 10.06768173
 10.19058429
 10.31295221
 10.43479637
 10.55612728
 10.67695507
 10.79728952
 10.91714007
 11.03651585
 11.15542569
 11.27387810
 11.39188136
 11.50944346
 11.62657213
 11.74327489
 11.85955900
 11.97543152
 12.09089929
 12.20596896
 12.32064698
 12.43493960
 12.54885294
 12.66239289
 12.77556521
 12.88837551
 13.00082923
 13.11293167
 13.22468800
 13.33610325
 13.44718231
 13.55792996
 13.66835086
 13.77844954
 13.88823043
 13.99769785
 14.10685602
 14.21570906
 14.32426097
 14.43251569
 14.54047704
 14.64814879
 14.75553458
 14.86263799
 14.96946254
 15.07601163
 15.18228862
 15.28829679
 15.39403934
 15.49951941
 15.60474007
 15.70970434
 15.81441515
 15.91887541
 16.02308793
 16.12705548
 16.23078079
 16.33426653
 16.43751529
 16.54052964
 16.64331209
 16.74586512
 16.84819113
 16.95029249
 17.05217155
 17.15383057
 17.25527182
 17.35649748
 17.45750972
 17.55831067
 17.65890242
 17.75928702
 17.85946648
 17.95944278
 18.05921786
 18.15879365
 18.25817203
 18.35735483
 18.45634389
 18.55514099
 18.65374788
 18.75216631
 18.85039797
 18.94844453
 19.04630765
 19.14398895
 19.24149003
 19.33881245
 19.43595777
 19.53292751
 19.62972316
 19.72634622
 19.82279812
 19.91908032
 20.01519421
 20.11114119
 20.20692263
 20.30253989
 20.39799428
 20.49328713
 20.58841973
 20.68339336
 20.77820926
 20.87286868
 20.96737284
 21.06172295
 21.15592019
 21.24996574
 21.34386075
 21.43760636
 21.53120370
 21.62465388
 21.71795798
 21.81111710
 21.90413230
 21.99700463
 22.08973512
 22.18232482
 22.27477472
 22.36708582
 22.45925912
 22.55129558
 22.64319617
 22.73496184
 22.82659352
 22.91809215
 23.00945863
 23.10069387
 23.19179876
 23.28277418
 23.37362102
 23.46434011
 23.55493233
 23.64539850
 23.73573946
 23.82595602
 23.91604901
 24.00601921
 24.09586743
 24.18559445
 24.27520104
 24.36468796
 24.45405598
 24.54330584
 24.63243829
 24.72145404
 24.81035384
 24.89913838
 24.98780839
 25.07636456
 25.16480758
 25.25313814
 25.34135692
 25.42946458
 25.51746180
 25.60534921
 25.69312749
 25.78079725
 25.86835915
 25.95581381
 26.04316186
 26.13040390
 26.21754055
 26.30457242
 26.39150009
 26.47832417
 26.56504523
 26.65166385
 26.73818062
 26.82459609
 26.91091082
 26.99712539
 27.08324032
 27.16925618
 27.25517350
 27.34099282
 27.42671467
 27.51233956
 27.59786803
 27.68330058
 27.76863773
 27.85387998
 27.93902783
 28.02408178
 28.10904232
 28.19390993
 28.27868509
 28.36336829
 28.44796000
 28.53246068
 28.61687080
 28.70119082
 28.78542120
 28.86956238
 28.95361482
 29.03757896
 29.12145523
  0.37656010
  0.61362139
  0.81649073
  0.99992327
  1.17013707
  1.33050785
  1.48313046
  1.62941932
  1.77038698
  1.90679026
  2.03921385
  2.16812155
  2.29388922
  2.41682686
  2.53719408
  2.65521104
  2.77106656
  2.88492411
  2.99692647
  3.10719929
  3.21585386
  3.32298940
  3.42869483
  3.53305023
  3.63612807
  3.73799421
  3.83870871
  3.93832656
  4.03689824
  4.13447028
  4.23108565
  4.32678416
  4.42160276
  4.51557585
  4.60873553
  4.70111178
  4.79273268
  4.88362460
  4.97381228
  5.06331904
  5.15216686
  5.24037649
  5.32796755
  5.41495861
  5.50136728
  5.58721029
  5.67250350
  5.75726204
  5.84150028
  5.92523196
  6.00847014
  6.09122735
  6.17351552
  6.25534610
  6.33673002
  6.41767779
  6.49819947
  6.57830472
  6.65800282
  6.73730269
  6.81621290
  6.89474172
  6.97289709
  7.05068668
  7.12811787
  7.20519779
  7.28193332
  7.35833112
  7.43439759
  7.51013894
  7.58556119
  7.66067014
  7.73547141
  7.80997047
  7.88417258
  7.95808287
  8.03170631
  8.10504770
  8.17811174
  8.25090294
  8.32342574
  8.39568441
  8.46768311
  8.53942591
  8.61091673
  8.68215942
  8.75315770
  8.82391521
  8.89443548
  8.96472198
  9.03477804
  9.10460696
  9.17421192
  9.24359603
  9.31276235
  9.38171383
  9.45045336
  9.51898379
  9.58730785
  9.65542826
  9.72334764
  9.79106858
  9.85859358
  9.92592511
  9.99306558
 10.06001734
 10.12678269
 10.19336389
 10.25976314
 10.32598260
 10.39202440
 10.45789059
 10.52358320
 10.58910423
 10.65445563
 10.71963929
 10.78465710
 10.84951088
 10.91420244
 10.97873353
 11.04310590
 11.10732123
 11.17138119
 11.23528742
 11.29904151
 11.36264506
 11.42609959
 11.48940664
 11.55256769
 11.61558420
 11.67845762
 11.74118935
 11.80378079
 11.86623331
 11.92854824
 11.99072690
 12.05277059
 12.11468058
 12.17645814
 12.23810448
 12.29962083
 12.36100838
 12.42226830
 12.48340174
 12.54440985
 12.60529374
 12.66605451
 12.72669326
 12.78721103
 12.84760889
 12.90788787
 12.96804899
 13.02809325
 13.08802164
 13.14783514
 13.20753470
 13.26712126
 13.32659578
 13.38595914
 13.44521228
 13.50435607
 13.56339139
 13.62231911
 13.68114009
 13.73985517
 13.79846518
 13.85697093
 13.91537324
 13.97367291
 14.03187071
 14.08996743
 14.14796383
 14.20586066
 14.26365868
 14.32135861
 14.37896118
 14.43646710
 14.49387709
 14.55119185
 14.60841205
 14.66553838
 14.72257151
 14.77951211
 14.83636083
 14.89311831
 14.94978520
 15.00636212
 15.06284969
 15.11924854
 15.17555927
 15.23178248
 15.28791876
 15.34396871
 15.39993289
 15.45581188
 15.51160625
 15.56731655
 15.62294335
 15.67848717
 15.73394857
 15.78932808
 15.84462622
 15.89984352
 15.95498049
 16.01003764
 16.06501548
 16.11991450
 16.17473519
 16.22947806
 16.28414356
 16.33873220
 16.39324442
 16.44768071
 16.50204152
 16.55632731
 16.61053854
 16.66467564
 16.71873906
 16.77272924
 16.82664662
 16.88049161
 16.93426464
 16.98796614
 17.04159652
 17.09515619
 17.14864555
 17.20206502
 17.25541498
 17.30869584
 17.36190798
 17.41505179
 17.46812765
 17.52113594
 17.57407705
 17.62695133
 17.67975916
 17.73250090
 17.78517692
 17.83778757
 17.89033320
 17.94281417
 17.99523082
 18.04758350
 18.09987255
 18.15209831
 18.20426110
 18.25636127
 18.30839913
 18.36037502
 18.41228926
 18.46414217
 18.51593406
 18.56766525
 18.61933604
 18.67094675
