  2.31061584
  2.28666182
  2.27276490
  2.26295612
  2.25537701
  2.24920327
  2.24399663
  2.23949618
  2.23553400
  2.23199564
  2.22879964
  2.22588591
  2.22320890
  2.22073325
  2.21843095
  2.21627945
  2.21426033
  2.21235834
  2.21056072
  2.20885667
  2.20723700
  2.20569379
  2.20422021
  2.20281027
  2.20145875
  2.20016102
  2.19891299
  2.19771103
  2.19655187
  2.19543260
  2.19435057
  2.19330341
  2.19228895
  2.19130522
  2.19035044
  2.18942295
  2.18852125
  2.18764396
  2.18678979
  2.18595758
  2.18514621
  2.18435470
  2.18358208
  2.18282749
  2.18209011
  2.18136918
  2.18066399
  2.17997386
  2.17929818
  2.17863635
  2.17798782
  2.17735207
  2.17672861
  2.17611698
  2.17551674
  2.17492748
  2.17434881
  2.17378034
  2.17322174
  2.17267267
  2.17213281
  2.17160186
  2.17107953
  2.17056555
  2.17005966
  2.16956161
  2.16907116
  2.16858808
  2.16811216
  2.16764320
  2.16718098
  2.16672532
  2.16627605
  2.16583297
  2.16539594
  2.16496478
  2.16453933
  2.16411947
  2.16370503
  2.16329588
  2.16289189
  2.16249293
  2.16209887
  2.16170961
  2.16132503
  2.16094501
  2.16056945
  2.16019824
  2.15983129
  2.15946851
  2.15910979
  2.15875505
  2.15840420
  2.15805717
  2.15771386
  2.15737419
  2.15703810
  2.15670551
  2.15637635
  2.15605055
  2.15572803
  2.15540874
  2.15509261
  2.15477958
  2.15446960
  2.15416259
  2.15385851
  2.15355730
  2.15325891
  2.15296328
  2.15267037
  2.15238013
  2.15209251
  2.15180745
  2.15152493
  2.15124488
  2.15096728
  2.15069208
  2.15041923
  2.15014870
  2.14988044
  2.14961443
  2.14935063
  2.14908899
  2.14882948
  2.14857207
  2.14831673
  2.14806342
  2.14781211
  2.14756278
  2.14731538
  2.14706989
  2.14682628
  2.14658452
  2.14634459
  2.14610645
  2.14587009
  2.14563547
  2.14540257
  2.14517136
  2.14494182
  2.14471393
  2.14448767
  2.14426300
  2.14403992
  2.14381838
  2.14359839
  2.14337990
  2.14316291
  2.14294740
  2.14273334
  2.14252071
  2.14230949
  2.14209968
  2.14189124
  2.14168416
  2.14147843
  2.14127402
  2.14107092
  2.14086911
  2.14066858
  2.14046931
  2.14027128
  2.14007448
  2.13987890
  2.13968452
  2.13949132
  2.13929929
  2.13910842
  2.13891869
  2.13873009
  2.13854261
  2.13835623
  2.13817094
  2.13798673
  2.13780359
  2.13762149
  2.13744044
  2.13726042
  2.13708142
  2.13690342
  2.13672642
  2.13655040
  2.13637536
  2.13620128
  2.13602815
  2.13585596
  2.13568471
  2.13551438
  2.13534496
  2.13517644
  2.13500882
  2.13484208
  2.13467621
  2.13451121
  2.13434707
  2.13418377
  2.13402132
  2.13385969
  2.13369889
  2.13353890
  2.13337972
  2.13322133
  2.13306374
  2.13290693
  2.13275089
  2.13259562
  2.13244110
  2.13228734
  2.13213433
  2.13198205
  2.13183051
  2.13167968
  2.13152958
  2.13138018
  2.13123149
  2.13108350
  2.13093620
  2.13078958
  2.13064363
  2.13049837
  2.13035376
  2.13020982
  2.13006653
  2.12992388
  2.12978188
  2.12964052
  2.12949979
  2.12935968
  2.12922019
  2.12908131
  2.12894305
  2.12880539
  2.12866832
  2.12853185
  2.12839597
  2.12826067
  2.12812595
  2.12799180
  2.12785823
  2.12772521
  2.12759275
  2.12746085
  2.12732950
  2.12719869
  2.12706843
  2.12693870
  2.12680950
  2.12668083
  2.12655269
  2.12642506
  2.12629795
  2.12617135
  2.12604525
  2.12591966
  2.42470491
  2.39370790
  2.37575983
  2.36310715
  2.35333939
  2.34538852
  2.33868713
  2.33289759
  2.32780276
  2.32325470
  2.31914814
  2.31540548
  2.31196790
  2.30878975
  2.30583489
  2.30307423
  2.30048400
  2.29804453
  2.29573937
  2.29355461
  2.29147840
  2.28950055
  2.28761222
  2.28580574
  2.28407435
  2.28241210
  2.28081375
  2.27927458
  2.27779042
  2.27635750
  2.27497242
  2.27363213
  2.27233383
  2.27107501
  2.26985334
  2.26866672
  2.26751321
  2.26639103
  2.26529854
  2.26423421
  2.26319664
  2.26218454
  2.26119669
  2.26023197
  2.25928933
  2.25836778
  2.25746642
  2.25658439
  2.25572088
  2.25487513
  2.25404644
  2.25323414
  2.25243760
  2.25165622
  2.25088944
  2.25013673
  2.24939759
  2.24867154
  2.24795813
  2.24725694
  2.24656754
  2.24588957
  2.24522264
  2.24456641
  2.24392053
  2.24328471
  2.24265862
  2.24204197
  2.24143450
  2.24083593
  2.24024600
  2.23966448
  2.23909112
  2.23852572
  2.23796804
  2.23741788
  2.23687505
  2.23633935
  2.23581060
  2.23528863
  2.23477326
  2.23426433
  2.23376168
  2.23326516
  2.23277463
  2.23228994
  2.23181096
  2.23133755
  2.23086959
  2.23040696
  2.22994953
  2.22949720
  2.22904984
  2.22860736
  2.22816965
  2.22773660
  2.22730813
  2.22688413
  2.22646452
  2.22604920
  2.22563809
  2.22523110
  2.22482816
  2.22442918
  2.22403410
  2.22364282
  2.22325529
  2.22287143
  2.22249117
  2.22211445
  2.22174121
  2.22137137
  2.22100488
  2.22064168
  2.22028171
  2.21992491
  2.21957123
  2.21922062
  2.21887303
  2.21852839
  2.21818667
  2.21784781
  2.21751177
  2.21717850
  2.21684796
  2.21652010
  2.21619488
  2.21587225
  2.21555219
  2.21523464
  2.21491957
  2.21460694
  2.21429672
  2.21398886
  2.21368333
  2.21338010
  2.21307913
  2.21278039
  2.21248384
  2.21218947
  2.21189722
  2.21160708
  2.21131901
  2.21103299
  2.21074899
  2.21046697
  2.21018691
  2.20990879
  2.20963257
  2.20935824
  2.20908576
  2.20881511
  2.20854628
  2.20827922
  2.20801393
  2.20775037
  2.20748853
  2.20722838
  2.20696991
  2.20671308
  2.20645789
  2.20620430
  2.20595230
  2.20570188
  2.20545300
  2.20520565
  2.20495982
  2.20471548
  2.20447262
  2.20423122
  2.20399127
  2.20375273
  2.20351561
  2.20327987
  2.20304552
  2.20281252
  2.20258087
  2.20235054
  2.20212153
  2.20189382
  2.20166740
  2.20144224
  2.20121835
  2.20099569
  2.20077426
  2.20055405
  2.20033505
  2.20011723
  2.19990059
  2.19968511
  2.19947079
  2.19925760
  2.19904555
  2.19883461
  2.19862477
  2.19841603
  2.19820837
  2.19800178
  2.19779625
  2.19759177
  2.19738833
  2.19718591
  2.19698452
  2.19678413
  2.19658474
  2.19638634
  2.19618892
  2.19599246
  2.19579697
  2.19560243
  2.19540883
  2.19521616
  2.19502441
  2.19483358
  2.19464365
  2.19445463
  2.19426649
  2.19407923
  2.19389285
  2.19370733
  2.19352266
  2.19333885
  2.19315588
  2.19297374
  2.19279243
  2.19261194
  2.19243225
  2.19225338
  2.19207530
  2.19189801
  2.19172150
  2.19154577
  2.19137081
  2.19119662
  2.19102318
  2.19085049
  2.19067854
  2.19050733
  2.19033686
  2.19016711
  2.18999807
  2.18982975
  2.18966214
  2.18949523
  2.18932901
  2.18916348
  2.18899864
  2.18883447
  2.18867098
  2.18850816
  2.18834599
  2.18818449
  2.18802363
  2.18786342
  2.18770386
  2.29066631
  2.29237000
  2.29336718
  2.29407496
  2.29462410
  2.29507288
  2.29545239
  2.29578118
  2.29607124
  2.29633073
  2.29656550
  2.29677985
  2.29697705
  2.29715964
  2.29732964
  2.29748868
  2.29763808
  2.29777895
  2.29791221
  2.29803864
  2.29815890
  2.29827358
  2.29838316
  2.29848809
  2.29858873
  2.29868543
  2.29877848
  2.29886816
  2.29895469
  2.29903829
  2.29911915
  2.29919744
  2.29927333
  2.29934696
  2.29941845
  2.29948793
  2.29955551
  2.29962129
  2.29968536
  2.29974781
  2.29980872
  2.29986817
  2.29992621
  2.29998293
  2.30003837
  2.30009259
  2.30014565
  2.30019759
  2.30024847
  2.30029831
  2.30034717
  2.30039509
  2.30044209
  2.30048821
  2.30053349
  2.30057795
  2.30062163
  2.30066454
  2.30070673
  2.30074820
  2.30078900
  2.30082912
  2.30086861
  2.30090748
  2.30094574
  2.30098342
  2.30102054
  2.30105710
  2.30109314
  2.30112865
  2.30116366
  2.30119818
  2.30123223
  2.30126581
  2.30129895
  2.30133164
  2.30136391
  2.30139576
  2.30142721
  2.30145826
  2.30148892
  2.30151921
  2.30154914
  2.30157870
  2.30160792
  2.30163679
  2.30166533
  2.30169355
  2.30172145
  2.30174903
  2.30177631
  2.30180330
  2.30182999
  2.30185639
  2.30188252
  2.30190837
  2.30193396
  2.30195929
  2.30198435
  2.30200917
  2.30203374
  2.30205806
  2.30208215
  2.30210601
  2.30212964
  2.30215305
  2.30217623
  2.30219921
  2.30222196
  2.30224452
  2.30226686
  2.30228901
  2.30231096
  2.30233272
  2.30235429
  2.30237567
  2.30239687
  2.30241789
  2.30243873
  2.30245939
  2.30247989
  2.30250022
  2.30252038
  2.30254037
  2.30256021
  2.30257989
  2.30259941
  2.30261879
  2.30263801
  2.30265708
  2.30267600
  2.30269479
  2.30271343
  2.30273193
  2.30275029
  2.30276852
  2.30278662
  2.30280458
  2.30282242
  2.30284012
  2.30285770
  2.30287516
  2.30289249
  2.30290971
  2.30292680
  2.30294378
  2.30296064
  2.30297739
  2.30299402
  2.30301054
  2.30302696
  2.30304326
  2.30305946
  2.30307555
  2.30309154
  2.30310743
  2.30312322
  2.30313890
  2.30315449
  2.30316997
  2.30318537
  2.30320066
  2.30321587
  2.30323098
  2.30324599
  2.30326092
  2.30327576
  2.30329051
  2.30330517
  2.30331975
  2.30333424
  2.30334864
  2.30336297
  2.30337721
  2.30339136
  2.30340544
  2.30341944
  2.30343336
  2.30344720
  2.30346096
  2.30347465
  2.30348827
  2.30350180
  2.30351527
  2.30352866
  2.30354198
  2.30355523
  2.30356841
  2.30358151
  2.30359455
  2.30360752
  2.30362043
  2.30363326
  2.30364603
  2.30365874
  2.30367138
  2.30368395
  2.30369646
  2.30370891
  2.30372130
  2.30373362
  2.30374588
  2.30375809
  2.30377023
  2.30378231
  2.30379434
  2.30380630
  2.30381821
  2.30383006
  2.30384186
  2.30385360
  2.30386528
  2.30387691
  2.30388849
  2.30390001
  2.30391147
  2.30392289
  2.30393425
  2.30394556
  2.30395682
  2.30396803
  2.30397918
  2.30399029
  2.30400135
  2.30401236
  2.30402331
  2.30403423
  2.30404509
  2.30405590
  2.30406667
  2.30407739
  2.30408807
  2.30409870
  2.30410928
  2.30411982
  2.30413032
  2.30414077
  2.30415117
  2.30416154
  2.30417186
  2.30418213
  2.30419237
  2.30420256
  2.30421271
  2.30422282
  2.30423288
  2.30424291
  2.30425290
  2.30426284
  2.30427275
  2.30428261
  2.30429244
  2.30430223
  2.30431198
  2.30432169
  2.30505356
  2.30954063
  2.31216944
  2.31403643
  2.31548561
  2.31667036
  2.31767252
  2.31854098
  2.31930728
  2.31999298
  2.32061345
  2.32118003
  2.32170136
  2.32218415
  2.32263369
  2.32305430
  2.32344946
  2.32382210
  2.32417463
  2.32450913
  2.32482735
  2.32513080
  2.32542080
  2.32569849
  2.32596487
  2.32622084
  2.32646716
  2.32670456
  2.32693364
  2.32715498
  2.32736908
  2.32757640
  2.32777736
  2.32797234
  2.32816168
  2.32834570
  2.32852469
  2.32869892
  2.32886864
  2.32903407
  2.32919543
  2.32935291
  2.32950669
  2.32965695
  2.32980384
  2.32994751
  2.33008810
  2.33022574
  2.33036055
  2.33049265
  2.33062213
  2.33074911
  2.33087367
  2.33099591
  2.33111592
  2.33123377
  2.33134954
  2.33146330
  2.33157512
  2.33168507
  2.33179320
  2.33189959
  2.33200427
  2.33210731
  2.33220876
  2.33230866
  2.33240706
  2.33250402
  2.33259955
  2.33269372
  2.33278656
  2.33287810
  2.33296838
  2.33305744
  2.33314531
  2.33323201
  2.33331759
  2.33340206
  2.33348546
  2.33356781
  2.33364915
  2.33372949
  2.33380885
  2.33388727
  2.33396477
  2.33404136
  2.33411706
  2.33419191
  2.33426591
  2.33433909
  2.33441146
  2.33448304
  2.33455385
  2.33462390
  2.33469322
  2.33476181
  2.33482969
  2.33489688
  2.33496339
  2.33502923
  2.33509442
  2.33515897
  2.33522289
  2.33528619
  2.33534889
  2.33541100
  2.33547252
  2.33553348
  2.33559387
  2.33565372
  2.33571302
  2.33577180
  2.33583005
  2.33588779
  2.33594503
  2.33600177
  2.33605803
  2.33611381
  2.33616912
  2.33622397
  2.33627837
  2.33633232
  2.33638583
  2.33643891
  2.33649156
  2.33654380
  2.33659562
  2.33664704
  2.33669806
  2.33674868
  2.33679892
  2.33684878
  2.33689826
  2.33694738
  2.33699613
  2.33704452
  2.33709255
  2.33714024
  2.33718759
  2.33723459
  2.33728127
  2.33732761
  2.33737363
  2.33741933
  2.33746471
  2.33750979
  2.33755455
  2.33759902
  2.33764318
  2.33768705
  2.33773063
  2.33777393
  2.33781694
  2.33785967
  2.33790212
  2.33794431
  2.33798622
  2.33802787
  2.33806926
  2.33811038
  2.33815126
  2.33819188
  2.33823225
  2.33827237
  2.33831225
  2.33835189
  2.33839130
  2.33843047
  2.33846940
  2.33850811
  2.33854659
  2.33858485
  2.33862289
  2.33866070
  2.33869831
  2.33873569
  2.33877287
  2.33880984
  2.33884660
  2.33888316
  2.33891951
  2.33895567
  2.33899163
  2.33902739
  2.33906296
  2.33909834
  2.33913353
  2.33916853
  2.33920335
  2.33923798
  2.33927243
  2.33930670
  2.33934080
  2.33937472
  2.33940846
  2.33944204
  2.33947544
  2.33950868
  2.33954174
  2.33957465
  2.33960738
  2.33963996
  2.33967238
  2.33970463
  2.33973673
  2.33976868
  2.33980047
  2.33983211
  2.33986359
  2.33989493
  2.33992612
  2.33995716
  2.33998805
  2.34001880
  2.34004941
  2.34007987
  2.34011020
  2.34014039
  2.34017044
  2.34020035
  2.34023012
  2.34025977
  2.34028928
  2.34031866
  2.34034790
  2.34037702
  2.34040601
  2.34043488
  2.34046361
  2.34049223
  2.34052072
  2.34054908
  2.34057733
  2.34060545
  2.34063345
  2.34066134
  2.34068911
  2.34071676
  2.34074429
  2.34077172
  2.34079902
  2.34082622
  2.34085330
  2.34088027
  2.34090713
  2.34093389
  2.34096053
  2.34098707
  2.34101350
  2.34103982
  2.34106604
  2.34109216
  2.34111817
  2.34114409
  2.34116989
  2.29998659
  2.31418388
  2.32252935
  2.32846881
  2.33308626
  2.33686580
  2.34006612
  2.34284191
  2.34529307
  2.34748787
  2.34947508
  2.35129073
  2.35296221
  2.35451082
  2.35595345
  2.35730374
  2.35857285
  2.35977002
  2.36090301
  2.36197838
  2.36300172
  2.36397786
  2.36491097
  2.36580471
  2.36666228
  2.36748651
  2.36827989
  2.36904467
  2.36978285
  2.37049621
  2.37118638
  2.37185484
  2.37250290
  2.37313178
  2.37374259
  2.37433634
  2.37491397
  2.37547633
  2.37602420
  2.37655833
  2.37707938
  2.37758799
  2.37808473
  2.37857015
  2.37904476
  2.37950903
  2.37996340
  2.38040829
  2.38084408
  2.38127115
  2.38168983
  2.38210046
  2.38250333
  2.38289874
  2.38328696
  2.38366824
  2.38404284
  2.38441097
  2.38477287
  2.38512874
  2.38547878
  2.38582318
  2.38616211
  2.38649575
  2.38682427
  2.38714782
  2.38746654
  2.38778058
  2.38809008
  2.38839516
  2.38869596
  2.38899258
  2.38928515
  2.38957377
  2.38985856
  2.39013960
  2.39041700
  2.39069086
  2.39096125
  2.39122828
  2.39149202
  2.39175255
  2.39200995
  2.39226429
  2.39251565
  2.39276410
  2.39300970
  2.39325252
  2.39349262
  2.39373006
  2.39396490
  2.39419719
  2.39442700
  2.39465437
  2.39487935
  2.39510200
  2.39532236
  2.39554049
  2.39575641
  2.39597019
  2.39618186
  2.39639146
  2.39659904
  2.39680462
  2.39700826
  2.39720998
  2.39740983
  2.39760783
  2.39780403
  2.39799844
  2.39819112
  2.39838208
  2.39857136
  2.39875899
  2.39894499
  2.39912940
  2.39931223
  2.39949353
  2.39967331
  2.39985159
  2.40002841
  2.40020379
  2.40037775
  2.40055032
  2.40072151
  2.40089134
  2.40105985
  2.40122705
  2.40139295
  2.40155759
  2.40172098
  2.40188313
  2.40204408
  2.40220382
  2.40236239
  2.40251980
  2.40267607
  2.40283121
  2.40298524
  2.40313818
  2.40329004
  2.40344083
  2.40359057
  2.40373928
  2.40388697
  2.40403366
  2.40417935
  2.40432406
  2.40446781
  2.40461061
  2.40475246
  2.40489338
  2.40503339
  2.40517250
  2.40531071
  2.40544804
  2.40558451
  2.40572011
  2.40585487
  2.40598879
  2.40612188
  2.40625415
  2.40638562
  2.40651629
  2.40664617
  2.40677528
  2.40690362
  2.40703119
  2.40715802
  2.40728411
  2.40740946
  2.40753409
  2.40765800
  2.40778120
  2.40790371
  2.40802552
  2.40814665
  2.40826710
  2.40838688
  2.40850601
  2.40862447
  2.40874229
  2.40885947
  2.40897602
  2.40909194
  2.40920725
  2.40932194
  2.40943602
  2.40954950
  2.40966239
  2.40977470
  2.40988642
  2.40999756
  2.41010814
  2.41021815
  2.41032761
  2.41043651
  2.41054487
  2.41065269
  2.41075997
  2.41086672
  2.41097294
  2.41107865
  2.41118384
  2.41128852
  2.41139269
  2.41149637
  2.41159955
  2.41170224
  2.41180444
  2.41190616
  2.41200741
  2.41210818
  2.41220849
  2.41230833
  2.41240772
  2.41250664
  2.41260512
  2.41270315
  2.41280074
  2.41289789
  2.41299460
  2.41309089
  2.41318674
  2.41328218
  2.41337719
  2.41347179
  2.41356598
  2.41365976
  2.41375313
  2.41384610
  2.41393867
  2.41403085
  2.41412264
  2.41421404
  2.41430505
  2.41439569
  2.41448594
  2.41457582
  2.41466533
  2.41475447
  2.41484324
  2.41493165
  2.41501970
  2.41510740
  2.41519474
  2.41528172
  2.41536836
  2.41545466
  2.41554061
  2.41562622
  2.41571150
  2.41579644
  2.41588104
  2.41596532
  2.20144387
  2.24787025
  2.27548050
  2.29527571
  2.31074859
  2.32346824
  2.33427716
  2.34368092
  2.35200705
  2.35948010
  2.36626074
  2.37246800
  2.37819250
  2.38350487
  2.38846124
  2.39310694
  2.39747913
  2.40160866
  2.40552141
  2.40923931
  2.41278110
  2.41616295
  2.41939887
  2.42250111
  2.42548043
  2.42834634
  2.43110726
  2.43377074
  2.43634351
  2.43883163
  2.44124058
  2.44357531
  2.44584032
  2.44803971
  2.45017723
  2.45225633
  2.45428015
  2.45625159
  2.45817335
  2.46004789
  2.46187753
  2.46366438
  2.46541044
  2.46711755
  2.46878744
  2.47042171
  2.47202189
  2.47358938
  2.47512551
  2.47663153
  2.47810861
  2.47955787
  2.48098035
  2.48237702
  2.48374884
  2.48509667
  2.48642136
  2.48772370
  2.48900444
  2.49026429
  2.49150395
  2.49272404
  2.49392520
  2.49510801
  2.49627302
  2.49742078
  2.49855180
  2.49966656
  2.50076553
  2.50184916
  2.50291788
  2.50397210
  2.50501222
  2.50603860
  2.50705162
  2.50805162
  2.50903894
  2.51001391
  2.51097682
  2.51192799
  2.51286769
  2.51379620
  2.51471380
  2.51562074
  2.51651727
  2.51740362
  2.51828004
  2.51914673
  2.52000393
  2.52085184
  2.52169065
  2.52252058
  2.52334180
  2.52415450
  2.52495886
  2.52575504
  2.52654323
  2.52732357
  2.52809623
  2.52886135
  2.52961909
  2.53036959
  2.53111298
  2.53184941
  2.53257900
  2.53330188
  2.53401818
  2.53472802
  2.53543150
  2.53612876
  2.53681990
  2.53750502
  2.53818423
  2.53885764
  2.53952535
  2.54018745
  2.54084403
  2.54149520
  2.54214103
  2.54278162
  2.54341705
  2.54404742
  2.54467279
  2.54529324
  2.54590887
  2.54651973
  2.54712591
  2.54772748
  2.54832451
  2.54891707
  2.54950522
  2.55008903
  2.55066857
  2.55124390
  2.55181508
  2.55238217
  2.55294523
  2.55350432
  2.55405949
  2.55461080
  2.55515831
  2.55570206
  2.55624211
  2.55677851
  2.55731131
  2.55784056
  2.55836631
  2.55888859
  2.55940747
  2.55992298
  2.56043516
  2.56094407
  2.56144974
  2.56195221
  2.56245153
  2.56294774
  2.56344086
  2.56393096
  2.56441805
  2.56490218
  2.56538338
  2.56586170
  2.56633716
  2.56680980
  2.56727965
  2.56774675
  2.56821112
  2.56867281
  2.56913184
  2.56958824
  2.57004205
  2.57049329
  2.57094199
  2.57138819
  2.57183190
  2.57227316
  2.57271200
  2.57314844
  2.57358250
  2.57401423
  2.57444363
  2.57487073
  2.57529557
  2.57571816
  2.57613853
  2.57655670
  2.57697269
  2.57738654
  2.57779825
  2.57820786
  2.57861538
  2.57902084
  2.57942425
  2.57982564
  2.58022503
  2.58062244
  2.58101789
  2.58141139
  2.58180298
  2.58219265
  2.58258045
  2.58296637
  2.58335045
  2.58373270
  2.58411313
  2.58449177
  2.58486863
  2.58524373
  2.58561708
  2.58598870
  2.58635862
  2.58672683
  2.58709337
  2.58745824
  2.58782146
  2.58818304
  2.58854301
  2.58890137
  2.58925813
  2.58961333
  2.58996696
  2.59031904
  2.59066958
  2.59101861
  2.59136613
  2.59171215
  2.59205669
  2.59239976
  2.59274137
  2.59308155
  2.59342029
  2.59375761
  2.59409352
  2.59442804
  2.59476117
  2.59509293
  2.59542334
  2.59575239
  2.59608010
  2.59640649
  2.59673156
  2.59705532
  2.59737779
  2.59769898
  2.59801889
  2.59833754
  2.59865493
  2.59897108
  2.59928600
  2.59959969
  2.59991216
  2.60022343
  2.60053351
  2.60084240
  2.60115011
  2.28191261
  2.35144909
  2.39310352
  2.42310454
  2.44663390
  2.46602830
  2.48254592
  2.49694354
  2.50971243
  2.52118991
  2.53161777
  2.54117532
  2.54999926
  2.55819628
  2.56585120
  2.57303263
  2.57979686
  2.58619063
  2.59225320
  2.59801786
  2.60351311
  2.60876349
  2.61379033
  2.61861228
  2.62324571
  2.62770512
  2.63200336
  2.63615192
  2.64016108
  2.64404010
  2.64779735
  2.65144038
  2.65497608
  2.65841073
  2.66175006
  2.66499933
  2.66816338
  2.67124665
  2.67425325
  2.67718698
  2.68005137
  2.68284968
  2.68558496
  2.68826005
  2.69087760
  2.69344008
  2.69594981
  2.69840896
  2.70081959
  2.70318359
  2.70550279
  2.70777889
  2.71001349
  2.71220811
  2.71436419
  2.71648309
  2.71856609
  2.72061442
  2.72262924
  2.72461165
  2.72656270
  2.72848339
  2.73037466
  2.73223743
  2.73407256
  2.73588088
  2.73766317
  2.73942019
  2.74115267
  2.74286128
  2.74454671
  2.74620957
  2.74785049
  2.74947003
  2.75106878
  2.75264726
  2.75420599
  2.75574548
  2.75726620
  2.75876861
  2.76025316
  2.76172028
  2.76317038
  2.76460387
  2.76602112
  2.76742250
  2.76880839
  2.77017911
  2.77153502
  2.77287642
  2.77420365
  2.77551699
  2.77681674
  2.77810320
  2.77937662
  2.78063729
  2.78188545
  2.78312137
  2.78434528
  2.78555741
  2.78675801
  2.78794729
  2.78912546
  2.79029274
  2.79144933
  2.79259544
  2.79373124
  2.79485694
  2.79597270
  2.79707872
  2.79817516
  2.79926218
  2.80033997
  2.80140866
  2.80246843
  2.80351941
  2.80456176
  2.80559563
  2.80662114
  2.80763845
  2.80864767
  2.80964895
  2.81064241
  2.81162817
  2.81260635
  2.81357707
  2.81454046
  2.81549661
  2.81644564
  2.81738766
  2.81832277
  2.81925108
  2.82017269
  2.82108768
  2.82199617
  2.82289825
  2.82379400
  2.82468351
  2.82556689
  2.82644420
  2.82731554
  2.82818098
  2.82904062
  2.82989452
  2.83074277
  2.83158544
  2.83242260
  2.83325434
  2.83408071
  2.83490180
  2.83571767
  2.83652838
  2.83733401
  2.83813461
  2.83893026
  2.83972101
  2.84050693
  2.84128807
  2.84206450
  2.84283627
  2.84360343
  2.84436606
  2.84512419
  2.84587788
  2.84662720
  2.84737218
  2.84811287
  2.84884934
  2.84958163
  2.85030978
  2.85103384
  2.85175387
  2.85246990
  2.85318198
  2.85389016
  2.85459448
  2.85529498
  2.85599170
  2.85668469
  2.85737399
  2.85805963
  2.85874165
  2.85942010
  2.86009502
  2.86076643
  2.86143438
  2.86209890
  2.86276003
  2.86341781
  2.86407227
  2.86472343
  2.86537135
  2.86601604
  2.86665755
  2.86729590
  2.86793112
  2.86856326
  2.86919233
  2.86981837
  2.87044140
  2.87106147
  2.87167858
  2.87229279
  2.87290410
  2.87351256
  2.87411818
  2.87472099
  2.87532103
  2.87591831
  2.87651287
  2.87710472
  2.87769390
  2.87828042
  2.87886431
  2.87944560
  2.88002431
  2.88060046
  2.88117408
  2.88174518
  2.88231379
  2.88287994
  2.88344364
  2.88400492
  2.88456380
  2.88512029
  2.88567442
  2.88622621
  2.88677569
  2.88732286
  2.88786774
  2.88841037
  2.88895076
  2.88948892
  2.89002487
  2.89055864
  2.89109024
  2.89161969
  2.89214701
  2.89267221
  2.89319531
  2.89371633
  2.89423529
  2.89475220
  2.89526708
  2.89577994
  2.89629081
  2.89679969
  2.89730661
  2.89781157
  2.89831460
  2.89881570
  2.89931490
  2.89981221
  2.90030764
  2.90080121
  2.68029780
  2.81602492
  2.89858443
  2.95862511
  3.00605143
  3.04536534
  3.07900563
  3.10844641
  3.13464859
  3.15827433
  3.17979978
  3.19957905
  3.21788285
  3.23492286
  3.25086782
  3.26585448
  3.27999520
  3.29338350
  3.30609804
  3.31820563
  3.32976351
  3.34082110
  3.35142139
  3.36160197
  3.37139596
  3.38083265
  3.38993809
  3.39873555
  3.40724590
  3.41548794
  3.42347868
  3.43123351
  3.43876645
  3.44609030
  3.45321676
  3.46015657
  3.46691960
  3.47351496
  3.47995105
  3.48623566
  3.49237601
  3.49837881
  3.50425032
  3.50999635
  3.51562236
  3.52113342
  3.52653433
  3.53182954
  3.53702328
  3.54211949
  3.54712190
  3.55203404
  3.55685921
  3.56160057
  3.56626106
  3.57084351
  3.57535059
  3.57978482
  3.58414861
  3.58844423
  3.59267388
  3.59683961
  3.60094340
  3.60498713
  3.60897261
  3.61290154
  3.61677556
  3.62059626
  3.62436512
  3.62808360
  3.63175306
  3.63537483
  3.63895018
  3.64248033
  3.64596645
  3.64940967
  3.65281106
  3.65617168
  3.65949251
  3.66277453
  3.66601867
  3.66922582
  3.67239686
  3.67553260
  3.67863387
  3.68170143
  3.68473605
  3.68773844
  3.69070931
  3.69364934
  3.69655918
  3.69943948
  3.70229084
  3.70511388
  3.70790915
  3.71067724
  3.71341867
  3.71613398
  3.71882367
  3.72148825
  3.72412820
  3.72674398
  3.72933606
  3.73190487
  3.73445083
  3.73697438
  3.73947591
  3.74195583
  3.74441451
  3.74685233
  3.74926965
  3.75166683
  3.75404421
  3.75640214
  3.75874093
  3.76106091
  3.76336239
  3.76564568
  3.76791106
  3.77015883
  3.77238927
  3.77460266
  3.77679926
  3.77897934
  3.78114315
  3.78329094
  3.78542296
  3.78753944
  3.78964062
  3.79172673
  3.79379799
  3.79585462
  3.79789683
  3.79992482
  3.80193881
  3.80393899
  3.80592556
  3.80789871
  3.80985862
  3.81180548
  3.81373947
  3.81566076
  3.81756952
  3.81946593
  3.82135015
  3.82322234
  3.82508265
  3.82693125
  3.82876828
  3.83059390
  3.83240826
  3.83421148
  3.83600372
  3.83778512
  3.83955580
  3.84131591
  3.84306557
  3.84480491
  3.84653405
  3.84825313
  3.84996225
  3.85166154
  3.85335112
  3.85503110
  3.85670160
  3.85836271
  3.86001456
  3.86165725
  3.86329088
  3.86491556
  3.86653139
  3.86813846
  3.86973688
  3.87132675
  3.87290815
  3.87448117
  3.87604592
  3.87760249
  3.87915095
  3.88069139
  3.88222391
  3.88374859
  3.88526550
  3.88677474
  3.88827638
  3.88977050
  3.89125717
  3.89273648
  3.89420851
  3.89567331
  3.89713097
  3.89858157
  3.90002516
  3.90146182
  3.90289162
  3.90431463
  3.90573091
  3.90714053
  3.90854355
  3.90994004
  3.91133006
  3.91271367
  3.91409094
  3.91546192
  3.91682667
  3.91818525
  3.91953772
  3.92088414
  3.92222456
  3.92355903
  3.92488762
  3.92621037
  3.92752734
  3.92883858
  3.93014414
  3.93144407
  3.93273843
  3.93402725
  3.93531060
  3.93658852
  3.93786105
  3.93912825
  3.94039016
  3.94164682
  3.94289829
  3.94414460
  3.94538579
  3.94662192
  3.94785303
  3.94907915
  3.95030033
  3.95151661
  3.95272803
  3.95393464
  3.95513646
  3.95633354
  3.95752592
  3.95871364
  3.95989673
  3.96107524
  3.96224919
  3.96341863
  3.96458358
  3.96574410
  3.96690020
  3.96805193
  3.96919932
  3.97034240
  3.97148121
  3.97261579
  3.97374615
  3.97487234
  3.97599439
  3.97711232
  3.97822618
