  0.00493855
  0.01048296
  0.01628168
  0.02225198
  0.02835319
  0.03456080
  0.04085832
  0.04723384
  0.05367834
  0.06018476
  0.06674740
  0.07336155
  0.08002325
  0.08672916
  0.09347636
  0.10026234
  0.10708487
  0.11394197
  0.12083188
  0.12775302
  0.13470396
  0.14168340
  0.14869015
  0.15572312
  0.16278131
  0.16986379
  0.17696972
  0.18409829
  0.19124876
  0.19842045
  0.20561270
  0.21282491
  0.22005651
  0.22730696
  0.23457574
  0.24186239
  0.24916644
  0.25648747
  0.26382507
  0.27117885
  0.27854843
  0.28593347
  0.29333363
  0.30074859
  0.30817803
  0.31562167
  0.32307923
  0.33055042
  0.33803499
  0.34553270
  0.35304330
  0.36056655
  0.36810225
  0.37565016
  0.38321009
  0.39078184
  0.39836521
  0.40596001
  0.41356607
  0.42118321
  0.42881127
  0.43645007
  0.44409946
  0.45175929
  0.45942940
  0.46710965
  0.47479991
  0.48250003
  0.49020988
  0.49792934
  0.50565827
  0.51339656
  0.52114409
  0.52890074
  0.53666639
  0.54444094
  0.55222429
  0.56001632
  0.56781694
  0.57562604
  0.58344353
  0.59126931
  0.59910330
  0.60694539
  0.61479551
  0.62265357
  0.63051947
  0.63839315
  0.64627451
  0.65416349
  0.66205999
  0.66996396
  0.67787530
  0.68579396
  0.69371985
  0.70165291
  0.70959308
  0.71754027
  0.72549444
  0.73345551
  0.74142342
  0.74939810
  0.75737951
  0.76536757
  0.77336224
  0.78136344
  0.78937114
  0.79738526
  0.80540576
  0.81343258
  0.82146567
  0.82950498
  0.83755045
  0.84560204
  0.85365971
  0.86172339
  0.86979304
  0.87786862
  0.88595008
  0.89403738
  0.90213046
  0.91022930
  0.91833383
  0.92644403
  0.93455985
  0.94268124
  0.95080817
  0.95894060
  0.96707849
  0.97522180
  0.98337049
  0.99152453
  0.99968387
  1.00784849
  1.01601834
  1.02419338
  1.03237360
  1.04055894
  1.04874938
  1.05694488
  1.06514541
  1.07335093
  1.08156143
  1.08977685
  1.09799718
  1.10622237
  1.11445241
  1.12268725
  1.13092688
  1.13917126
  1.14742036
  1.15567415
  1.16393261
  1.17219570
  1.18046341
  1.18873570
  1.19701254
  1.20529391
  1.21357979
  1.22187014
  1.23016494
  1.23846417
  1.24676780
  1.25507581
  1.26338817
  1.27170486
  1.28002585
  1.28835112
  1.29668065
  1.30501442
  1.31335239
  1.32169456
  1.33004089
  1.33839136
  1.34674596
  1.35510466
  1.36346744
  1.37183428
  1.38020516
  1.38858005
  1.39695894
  1.40534181
  1.41372863
  1.42211940
  1.43051408
  1.43891265
  1.44731511
  1.45572143
  1.46413159
  1.47254557
  1.48096335
  1.48938492
  1.49781026
  1.50623935
  1.51467218
  1.52310871
  1.53154895
  1.53999286
  1.54844044
  1.55689167
  1.56534653
  1.57380500
  1.58226706
  1.59073271
  1.59920192
  1.60767468
  1.61615098
  1.62463079
  1.63311411
  1.64160091
  1.65009118
  1.65858491
  1.66708208
  1.67558268
  1.68408669
  1.69259410
  1.70110489
  1.70961906
  1.71813657
  1.72665743
  1.73518162
  1.74370911
  1.75223991
  1.76077400
  1.76931135
  1.77785197
  1.78639583
  1.79494293
  1.80349325
  1.81204677
  1.82060349
  1.82916339
  1.83772646
  1.84629269
  1.85486206
  1.86343456
  1.87201019
  1.88058892
  1.88917075
  1.89775567
  1.90634365
  1.91493470
  1.92352880
  1.93212594
  1.94072610
  1.94932928
  1.95793546
  1.96654463
  1.97515679
  1.98377192
  1.99239001
  2.00101104
  2.00963502
  2.01826193
  2.02689175
  0.48895194
  0.49329878
  0.49585941
  0.49768426
  0.49910435
  0.50026766
  0.50125333
  0.50210874
  0.50286446
  0.50354145
  0.50415464
  0.50471510
  0.50523122
  0.50570954
  0.50615525
  0.50657254
  0.50696484
  0.50733499
  0.50768537
  0.50801799
  0.50833459
  0.50863664
  0.50892543
  0.50920208
  0.50946757
  0.50972278
  0.50996848
  0.51020535
  0.51043402
  0.51065503
  0.51086888
  0.51107603
  0.51127689
  0.51147182
  0.51166117
  0.51184526
  0.51202436
  0.51219875
  0.51236867
  0.51253433
  0.51269596
  0.51285375
  0.51300786
  0.51315848
  0.51330576
  0.51344983
  0.51359085
  0.51372894
  0.51386422
  0.51399680
  0.51412678
  0.51425428
  0.51437937
  0.51450216
  0.51462272
  0.51474114
  0.51485749
  0.51497184
  0.51508426
  0.51519481
  0.51530356
  0.51541057
  0.51551588
  0.51561956
  0.51572165
  0.51582220
  0.51592126
  0.51601887
  0.51611507
  0.51620990
  0.51630341
  0.51639562
  0.51648658
  0.51657632
  0.51666487
  0.51675226
  0.51683852
  0.51692369
  0.51700778
  0.51709083
  0.51717286
  0.51725389
  0.51733396
  0.51741308
  0.51749127
  0.51756856
  0.51764497
  0.51772052
  0.51779522
  0.51786910
  0.51794218
  0.51801446
  0.51808598
  0.51815674
  0.51822676
  0.51829605
  0.51836464
  0.51843253
  0.51849975
  0.51856629
  0.51863218
  0.51869743
  0.51876205
  0.51882606
  0.51888946
  0.51895227
  0.51901449
  0.51907615
  0.51913724
  0.51919778
  0.51925778
  0.51931725
  0.51937620
  0.51943463
  0.51949257
  0.51955000
  0.51960695
  0.51966342
  0.51971942
  0.51977496
  0.51983004
  0.51988468
  0.51993887
  0.51999263
  0.52004597
  0.52009888
  0.52015138
  0.52020348
  0.52025517
  0.52030648
  0.52035739
  0.52040792
  0.52045807
  0.52050786
  0.52055728
  0.52060633
  0.52065504
  0.52070339
  0.52075140
  0.52079907
  0.52084640
  0.52089341
  0.52094009
  0.52098644
  0.52103248
  0.52107821
  0.52112363
  0.52116875
  0.52121356
  0.52125808
  0.52130231
  0.52134625
  0.52138990
  0.52143328
  0.52147638
  0.52151920
  0.52156175
  0.52160404
  0.52164606
  0.52168783
  0.52172933
  0.52177058
  0.52181159
  0.52185234
  0.52189285
  0.52193312
  0.52197315
  0.52201294
  0.52205250
  0.52209183
  0.52213093
  0.52216981
  0.52220846
  0.52224690
  0.52228511
  0.52232312
  0.52236091
  0.52239849
  0.52243586
  0.52247302
  0.52250999
  0.52254675
  0.52258331
  0.52261968
  0.52265585
  0.52269183
  0.52272761
  0.52276321
  0.52279863
  0.52283386
  0.52286890
  0.52290377
  0.52293845
  0.52297296
  0.52300730
  0.52304146
  0.52307545
  0.52310927
  0.52314292
  0.52317641
  0.52320973
  0.52324288
  0.52327588
  0.52330871
  0.52334139
  0.52337391
  0.52340628
  0.52343849
  0.52347054
  0.52350245
  0.52353421
  0.52356582
  0.52359728
  0.52362859
  0.52365977
  0.52369080
  0.52372168
  0.52375243
  0.52378304
  0.52381351
  0.52384385
  0.52387405
  0.52390411
  0.52393404
  0.52396384
  0.52399352
  0.52402306
  0.52405247
  0.52408176
  0.52411092
  0.52413995
  0.52416886
  0.52419765
  0.52422632
  0.52425486
  0.52428329
  0.52431160
  0.52433979
  0.52436786
  0.52439582
  0.52442366
  0.52445139
  0.52447901
  0.52450651
  0.52453391
  0.52456119
  0.52458836
  0.52461543
  0.52464239
  0.52466924
  0.52469598
  0.52472262
  0.52474916
  0.52477559
  0.52480192
  0.05702852
  0.09448114
  0.12694041
  0.15653020
  0.18415429
  0.21030661
  0.23529524
  0.25932904
  0.28255807
  0.30509483
  0.32702647
  0.34842230
  0.36933857
  0.38982182
  0.40991107
  0.42963946
  0.44903547
  0.46812381
  0.48692605
  0.50546125
  0.52374626
  0.54179616
  0.55962447
  0.57724337
  0.59466389
  0.61189609
  0.62894913
  0.64583140
  0.66255064
  0.67911396
  0.69552793
  0.71179867
  0.72793184
  0.74393273
  0.75980625
  0.77555703
  0.79118939
  0.80670737
  0.82211480
  0.83741527
  0.85261217
  0.86770869
  0.88270788
  0.89761260
  0.91242557
  0.92714937
  0.94178647
  0.95633921
  0.97080981
  0.98520041
  0.99951302
  1.01374959
  1.02791197
  1.04200195
  1.05602122
  1.06997141
  1.08385408
  1.09767075
  1.11142285
  1.12511177
  1.13873885
  1.15230538
  1.16581259
  1.17926168
  1.19265380
  1.20599006
  1.21927155
  1.23249929
  1.24567429
  1.25879751
  1.27186991
  1.28489238
  1.29786581
  1.31079105
  1.32366892
  1.33650024
  1.34928576
  1.36202626
  1.37472246
  1.38737508
  1.39998481
  1.41255231
  1.42507825
  1.43756325
  1.45000794
  1.46241293
  1.47477878
  1.48710609
  1.49939540
  1.51164725
  1.52386218
  1.53604069
  1.54818330
  1.56029049
  1.57236274
  1.58440052
  1.59640428
  1.60837447
  1.62031152
  1.63221587
  1.64408791
  1.65592807
  1.66773673
  1.67951429
  1.69126113
  1.70297761
  1.71466410
  1.72632096
  1.73794854
  1.74954717
  1.76111720
  1.77265894
  1.78417272
  1.79565885
  1.80711765
  1.81854940
  1.82995442
  1.84133299
  1.85268539
  1.86401190
  1.87531280
  1.88658836
  1.89783884
  1.90906450
  1.92026559
  1.93144237
  1.94259507
  1.95372394
  1.96482922
  1.97591114
  1.98696992
  1.99800579
  2.00901898
  2.02000969
  2.03097814
  2.04192455
  2.05284911
  2.06375203
  2.07463350
  2.08549373
  2.09633291
  2.10715123
  2.11794887
  2.12872601
  2.13948284
  2.15021954
  2.16093628
  2.17163324
  2.18231057
  2.19296846
  2.20360706
  2.21422654
  2.22482706
  2.23540877
  2.24597184
  2.25651640
  2.26704262
  2.27755064
  2.28804061
  2.29851268
  2.30896697
  2.31940365
  2.32982283
  2.34022467
  2.35060929
  2.36097682
  2.37132741
  2.38166117
  2.39197823
  2.40227872
  2.41256277
  2.42283049
  2.43308201
  2.44331744
  2.45353690
  2.46374051
  2.47392839
  2.48410064
  2.49425738
  2.50439871
  2.51452475
  2.52463561
  2.53473138
  2.54481218
  2.55487811
  2.56492926
  2.57496575
  2.58498767
  2.59499511
  2.60498818
  2.61496698
  2.62493159
  2.63488211
  2.64481864
  2.65474126
  2.66465007
  2.67454515
  2.68442660
  2.69429450
  2.70414894
  2.71399000
  2.72381777
  2.73363234
  2.74343377
  2.75322217
  2.76299760
  2.77276015
  2.78250989
  2.79224691
  2.80197128
  2.81168309
  2.82138239
  2.83106927
  2.84074381
  2.85040608
  2.86005614
  2.86969407
  2.87931995
  2.88893384
  2.89853581
  2.90812593
  2.91770427
  2.92727089
  2.93682587
  2.94636927
  2.95590115
  2.96542159
  2.97493063
  2.98442835
  2.99391482
  3.00339008
  3.01285421
  3.02230726
  3.03174930
  3.04118038
  3.05060057
  3.06000991
  3.06940848
  3.07879633
  3.08817351
  3.09754009
  3.10689611
  3.11624164
  3.12557672
  3.13490142
  3.14421578
  3.15351987
  3.16281372
  3.17209740
  3.18137096
  3.19063445
  3.19988791
  3.20913141
  3.21836499
  3.22758869
  0.16568367
  0.24785884
  0.31371031
  0.37079093
  0.42212617
  0.46930317
  0.51328127
  0.55469442
  0.59398828
  0.63149072
  0.66745153
  0.70206640
  0.73549208
  0.76785658
  0.79926604
  0.82980967
  0.85956338
  0.88859236
  0.91695313
  0.94469511
  0.97186177
  0.99849163
  1.02461901
  1.05027464
  1.07548620
  1.10027868
  1.12467479
  1.14869520
  1.17235883
  1.19568300
  1.21868367
  1.24137555
  1.26377225
  1.28588639
  1.30772968
  1.32931305
  1.35064668
  1.37174009
  1.39260222
  1.41324143
  1.43366560
  1.45388211
  1.47389797
  1.49371975
  1.51335369
  1.53280569
  1.55208133
  1.57118591
  1.59012447
  1.60890179
  1.62752244
  1.64599076
  1.66431088
  1.68248675
  1.70052217
  1.71842072
  1.73618588
  1.75382094
  1.77132908
  1.78871335
  1.80597666
  1.82312181
  1.84015150
  1.85706832
  1.87387478
  1.89057326
  1.90716608
  1.92365548
  1.94004360
  1.95633252
  1.97252425
  1.98862073
  2.00462381
  2.02053533
  2.03635702
  2.05209058
  2.06773765
  2.08329983
  2.09877865
  2.11417560
  2.12949213
  2.14472966
  2.15988954
  2.17497309
  2.18998160
  2.20491633
  2.21977849
  2.23456925
  2.24928977
  2.26394116
  2.27852451
  2.29304088
  2.30749130
  2.32187678
  2.33619828
  2.35045678
  2.36465318
  2.37878841
  2.39286334
  2.40687884
  2.42083575
  2.43473489
  2.44857707
  2.46236305
  2.47609362
  2.48976952
  2.50339147
  2.51696020
  2.53047640
  2.54394075
  2.55735392
  2.57071656
  2.58402932
  2.59729281
  2.61050766
  2.62367445
  2.63679378
  2.64986622
  2.66289233
  2.67587266
  2.68880776
  2.70169816
  2.71454437
  2.72734690
  2.74010625
  2.75282291
  2.76549737
  2.77813008
  2.79072152
  2.80327213
  2.81578237
  2.82825266
  2.84068344
  2.85307513
  2.86542814
  2.87774288
  2.89001974
  2.90225912
  2.91446140
  2.92662696
  2.93875617
  2.95084940
  2.96290701
  2.97492935
  2.98691676
  2.99886959
  3.01078817
  3.02267283
  3.03452391
  3.04634171
  3.05812655
  3.06987874
  3.08159859
  3.09328639
  3.10494244
  3.11656704
  3.12816045
  3.13972298
  3.15125489
  3.16275645
  3.17422794
  3.18566963
  3.19708176
  3.20846460
  3.21981840
  3.23114342
  3.24243988
  3.25370805
  3.26494816
  3.27616043
  3.28734512
  3.29850243
  3.30963261
  3.32073586
  3.33181242
  3.34286249
  3.35388629
  3.36488404
  3.37585593
  3.38680217
  3.39772297
  3.40861852
  3.41948902
  3.43033466
  3.44115564
  3.45195215
  3.46272437
  3.47347248
  3.48419667
  3.49489711
  3.50557399
  3.51622748
  3.52685775
  3.53746497
  3.54804930
  3.55861093
  3.56915001
  3.57966670
  3.59016116
  3.60063355
  3.61108403
  3.62151276
  3.63191987
  3.64230554
  3.65266990
  3.66301310
  3.67333529
  3.68363661
  3.69391720
  3.70417721
  3.71441677
  3.72463603
  3.73483511
  3.74501415
  3.75517328
  3.76531264
  3.77543236
  3.78553255
  3.79561336
  3.80567490
  3.81571730
  3.82574068
  3.83574517
  3.84573088
  3.85569794
  3.86564645
  3.87557654
  3.88548832
  3.89538191
  3.90525741
  3.91511495
  3.92495462
  3.93477655
  3.94458083
  3.95436757
  3.96413688
  3.97388887
  3.98362364
  3.99334128
  4.00304191
  4.01272562
  4.02239251
  4.03204269
  4.04167624
  4.05129326
  4.06089386
  4.07047812
  4.08004614
  4.08959802
  4.09913383
  4.10865368
  4.11815766
  4.12764584
  4.13711834
  4.14657522
  0.05279688
  0.09723291
  0.13897872
  0.17906816
  0.21796930
  0.25594897
  0.29317908
  0.32977933
  0.36583766
  0.40142128
  0.43658321
  0.47136622
  0.50580556
  0.53993074
  0.57376680
  0.60733527
  0.64065481
  0.67374177
  0.70661058
  0.73927406
  0.77174366
  0.80402971
  0.83614152
  0.86808754
  0.89987550
  0.93151246
  0.96300489
  0.99435880
  1.02557969
  1.05667270
  1.08764258
  1.11849377
  1.14923043
  1.17985642
  1.21037538
  1.24079074
  1.27110570
  1.30132330
  1.33144640
  1.36147770
  1.39141979
  1.42127508
  1.45104588
  1.48073440
  1.51034272
  1.53987283
  1.56932664
  1.59870595
  1.62801251
  1.65724797
  1.68641393
  1.71551190
  1.74454335
  1.77350968
  1.80241224
  1.83125232
  1.86003118
  1.88875001
  1.91740997
  1.94601218
  1.97455771
  2.00304760
  2.03148285
  2.05986444
  2.08819330
  2.11647033
  2.14469643
  2.17287243
  2.20099916
  2.22907741
  2.25710797
  2.28509159
  2.31302899
  2.34092087
  2.36876794
  2.39657085
  2.42433026
  2.45204680
  2.47972108
  2.50735370
  2.53494525
  2.56249628
  2.59000736
  2.61747902
  2.64491178
  2.67230617
  2.69966266
  2.72698177
  2.75426395
  2.78150967
  2.80871939
  2.83589355
  2.86303258
  2.89013690
  2.91720692
  2.94424306
  2.97124570
  2.99821523
  3.02515203
  3.05205647
  3.07892891
  3.10576970
  3.13257920
  3.15935773
  3.18610564
  3.21282325
  3.23951088
  3.26616885
  3.29279745
  3.31939700
  3.34596778
  3.37251009
  3.39902421
  3.42551042
  3.45196900
  3.47840021
  3.50480432
  3.53118158
  3.55753226
  3.58385659
  3.61015483
  3.63642722
  3.66267399
  3.68889538
  3.71509161
  3.74126292
  3.76740952
  3.79353162
  3.81962946
  3.84570322
  3.87175313
  3.89777938
  3.92378218
  3.94976173
  3.97571821
  4.00165181
  4.02756274
  4.05345116
  4.07931727
  4.10516124
  4.13098326
  4.15678348
  4.18256210
  4.20831927
  4.23405516
  4.25976993
  4.28546376
  4.31113679
  4.33678919
  4.36242110
  4.38803269
  4.41362410
  4.43919548
  4.46474697
  4.49027873
  4.51579090
  4.54128361
  4.56675700
  4.59221121
  4.61764638
  4.64306263
  4.66846011
  4.69383893
  4.71919923
  4.74454114
  4.76986477
  4.79517026
  4.82045772
  4.84572727
  4.87097903
  4.89621312
  4.92142966
  4.94662876
  4.97181052
  4.99697507
  5.02212251
  5.04725295
  5.07236650
  5.09746327
  5.12254336
  5.14760687
  5.17265390
  5.19768457
  5.22269896
  5.24769717
  5.27267932
  5.29764548
  5.32259576
  5.34753024
  5.37244904
  5.39735223
  5.42223991
  5.44711216
  5.47196909
  5.49681077
  5.52163729
  5.54644875
  5.57124522
  5.59602679
  5.62079355
  5.64554557
  5.67028294
  5.69500574
  5.71971406
  5.74440796
  5.76908753
  5.79375285
  5.81840399
  5.84304103
  5.86766405
  5.89227311
  5.91686830
  5.94144969
  5.96601735
  5.99057135
  6.01511176
  6.03963865
  6.06415210
  6.08865216
  6.11313892
  6.13761244
  6.16207278
  6.18652001
  6.21095419
  6.23537540
  6.25978370
  6.28417915
  6.30856181
  6.33293174
  6.35728902
  6.38163369
  6.40596583
  6.43028548
  6.45459272
  6.47888760
  6.50317018
  6.52744052
  6.55169867
  6.57594470
  6.60017866
  6.62440060
  6.64861059
  6.67280867
  6.69699490
  6.72116934
  6.74533204
  6.76948306
  6.79362244
  6.81775024
  6.84186651
  6.86597130
  6.89006467
  6.91414666
  6.93821733
  6.96227672
  0.74082128
  1.00271087
  1.19695058
  1.35718170
  1.49609577
  1.62008759
  1.73290481
  1.83696240
  1.93392218
  2.02498433
  2.11104841
  2.19280881
  2.27081453
  2.34550834
  2.41725333
  2.48635159
  2.55305755
  2.61758786
  2.68012874
  2.74084162
  2.79986751
  2.85733043
  2.91334010
  2.96799415
  3.02137993
  3.07357587
  3.12465281
  3.17467487
  3.22370040
  3.27178261
  3.31897023
  3.36530797
  3.41083701
  3.45559533
  3.49961810
  3.54293791
  3.58558506
  3.62758777
  3.66897235
  3.70976341
  3.74998399
  3.78965570
  3.82879883
  3.86743247
  3.90557463
  3.94324226
  3.98045140
  4.01721721
  4.05355405
  4.08947552
  4.12499454
  4.16012339
  4.19487372
  4.22925666
  4.26328277
  4.29696215
  4.33030443
  4.36331881
  4.39601409
  4.42839869
  4.46048066
  4.49226772
  4.52376728
  4.55498643
  4.58593200
  4.61661055
  4.64702836
  4.67719150
  4.70710579
  4.73677686
  4.76621012
  4.79541077
  4.82438386
  4.85313423
  4.88166657
  4.90998542
  4.93809514
  4.96599996
  4.99370399
  5.02121118
  5.04852535
  5.07565023
  5.10258942
  5.12934638
  5.15592452
  5.18232710
  5.20855730
  5.23461822
  5.26051285
  5.28624410
  5.31181481
  5.33722772
  5.36248550
  5.38759075
  5.41254601
  5.43735374
  5.46201632
  5.48653610
  5.51091534
  5.53515626
  5.55926102
  5.58323171
  5.60707038
  5.63077904
  5.65435963
  5.67781405
  5.70114417
  5.72435178
  5.74743866
  5.77040655
  5.79325711
  5.81599201
  5.83861285
  5.86112120
  5.88351861
  5.90580658
  5.92798659
  5.95006006
  5.97202841
  5.99389301
  6.01565523
  6.03731636
  6.05887771
  6.08034055
  6.10170610
  6.12297559
  6.14415020
  6.16523111
  6.18621944
  6.20711633
  6.22792286
  6.24864012
  6.26926916
  6.28981101
  6.31026669
  6.33063719
  6.35092350
  6.37112657
  6.39124734
  6.41128673
  6.43124566
  6.45112501
  6.47092566
  6.49064846
  6.51029426
  6.52986389
  6.54935816
  6.56877788
  6.58812382
  6.60739676
  6.62659746
  6.64572667
  6.66478512
  6.68377353
  6.70269261
  6.72154306
  6.74032557
  6.75904081
  6.77768944
  6.79627213
  6.81478951
  6.83324221
  6.85163086
  6.86995607
  6.88821845
  6.90641859
  6.92455708
  6.94263449
  6.96065138
  6.97860832
  6.99650586
  7.01434454
  7.03212490
  7.04984746
  7.06751273
  7.08512123
  7.10267347
  7.12016994
  7.13761113
  7.15499751
  7.17232957
  7.18960778
  7.20683259
  7.22400447
  7.24112385
  7.25819119
  7.27520692
  7.29217147
  7.30908526
  7.32594872
  7.34276226
  7.35952629
  7.37624121
  7.39290741
  7.40952529
  7.42609523
  7.44261763
  7.45909284
  7.47552126
  7.49190323
  7.50823913
  7.52452932
  7.54077414
  7.55697395
  7.57312908
  7.58923989
  7.60530670
  7.62132986
  7.63730967
  7.65324648
  7.66914059
  7.68499233
  7.70080201
  7.71656993
  7.73229641
  7.74798173
  7.76362620
  7.77923012
  7.79479377
  7.81031743
  7.82580140
  7.84124596
  7.85665137
  7.87201792
  7.88734588
  7.90263551
  7.91788708
  7.93310086
  7.94827709
  7.96341603
  7.97851795
  7.99358308
  8.00861168
  8.02360399
  8.03856025
  8.05348071
  8.06836559
  8.08321515
  8.09802959
  8.11280916
  8.12755409
  8.14226459
  8.15694089
  8.17158321
  8.18619176
  8.20076676
  8.21530843
  8.22981698
  8.24429260
  8.25873552
  8.27314593
  8.28752404
  8.30187005
  8.31618415
  8.33046654
  2.33938977
  3.11159221
  3.67661268
  4.13868872
  4.53673324
  4.89021518
  5.21048274
  5.50481656
  5.77820805
  6.03425045
  6.27562928
  6.50441222
  6.72223027
  6.93039598
  7.12998371
  7.32188560
  7.50685182
  7.68552011
  7.85843782
  8.02607881
  8.18885641
  8.34713367
  8.50123145
  8.65143492
  8.79799884
  8.94115189
  9.08110023
  9.21803044
  9.35211202
  9.48349950
  9.61233420
  9.73874573
  9.86285332
  9.98476692
 10.10458819
 10.22241130
 10.33832375
 10.45240693
 10.56473673
 10.67538405
 10.78441522
 10.89189244
 10.99787406
 11.10241498
 11.20556687
 11.30737845
 11.40789572
 11.50716215
 11.60521890
 11.70210494
 11.79785726
 11.89251097
 11.98609945
 12.07865445
 12.17020621
 12.26078356
 12.35041398
 12.43912374
 12.52693793
 12.61388054
 12.69997454
 12.78524191
 12.86970375
 12.95338026
 13.03629086
 13.11845417
 13.19988810
 13.28060988
 13.36063606
 13.43998260
 13.51866485
 13.59669761
 13.67409516
 13.75087127
 13.82703921
 13.90261183
 13.97760151
 14.05202025
 14.12587961
 14.19919082
 14.27196471
 14.34421178
 14.41594221
 14.48716584
 14.55789223
 14.62813064
 14.69789005
 14.76717917
 14.83600648
 14.90438017
 14.97230824
 15.03979844
 15.10685831
 15.17349517
 15.23971614
 15.30552817
 15.37093799
 15.43595218
 15.50057713
 15.56481906
 15.62868404
 15.69217799
 15.75530666
 15.81807567
 15.88049051
 15.94255650
 16.00427888
 16.06566272
 16.12671298
 16.18743453
 16.24783209
 16.30791029
 16.36767364
 16.42712656
 16.48627337
 16.54511827
 16.60366541
 16.66191880
 16.71988239
 16.77756004
 16.83495553
 16.89207256
 16.94891473
 17.00548559
 17.06178862
 17.11782719
 17.17360465
 17.22912425
 17.28438917
 17.33940256
 17.39416748
 17.44868692
 17.50296385
 17.55700115
 17.61080166
 17.66436815
 17.71770335
 17.77080994
 17.82369055
 17.87634775
 17.92878407
 17.98100200
 18.03300396
 18.08479237
 18.13636956
 18.18773785
 18.23889951
 18.28985676
 18.34061179
 18.39116676
 18.44152378
 18.49168493
 18.54165225
 18.59142774
 18.64101339
 18.69041114
 18.73962290
 18.78865054
 18.83749591
 18.88616083
 18.93464708
 18.98295644
 19.03109062
 19.07905134
 19.12684027
 19.17445906
 19.22190933
 19.26919269
 19.31631072
 19.36326495
 19.41005693
 19.45668815
 19.50316011
 19.54947424
 19.59563201
 19.64163482
 19.68748406
 19.73318113
 19.77872736
 19.82412410
 19.86937267
 19.91447435
 19.95943044
 20.00424220
 20.04891086
 20.09343766
 20.13782381
 20.18207049
 20.22617888
 20.27015015
 20.31398544
 20.35768588
 20.40125258
 20.44468665
 20.48798916
 20.53116118
 20.57420378
 20.61711799
 20.65990484
 20.70256536
 20.74510053
 20.78751135
 20.82979879
 20.87196383
 20.91400740
 20.95593046
 20.99773392
 21.03941872
 21.08098574
 21.12243588
 21.16377003
 21.20498907
 21.24609384
 21.28708520
 21.32796400
 21.36873105
 21.40938720
 21.44993323
 21.49036996
 21.53069818
 21.57091866
 21.61103219
 21.65103953
 21.69094143
 21.73073864
 21.77043190
 21.81002193
 21.84950946
 21.88889520
 21.92817986
 21.96736414
 22.00644872
 22.04543428
 22.08432150
 22.12311105
 22.16180359
 22.20039976
 22.23890021
 22.27730559
 22.31561652
 22.35383362
 22.39195752
 22.42998883
 22.46792814
 22.50577606
 22.54353318
 22.58120009
 22.61877736
 22.65626557
 22.69366529
 22.73097707
 22.76820147
 22.80533905
 22.84239035
 22.87935591
  2.92156900
  3.98726596
  4.78277212
  5.44169583
  6.01469442
  6.52737775
  6.99479285
  7.42665620
  7.82966589
  8.20866675
  8.56729500
  8.90836091
  9.23408883
  9.54627442
  9.84639171
 10.13566801
 10.41513793
 10.68568303
 10.94806162
 11.20293154
 11.45086774
 11.69237615
 11.92790472
 12.15785224
 12.38257557
 12.60239550
 12.81760168
 13.02845663
 13.23519918
 13.43804732
 13.63720067
 13.83284257
 14.02514184
 14.21425437
 14.40032443
 14.58348586
 14.76386306
 14.94157195
 15.11672070
 15.28941044
 15.45973592
 15.62778600
 15.79364421
 15.95738913
 16.11909481
 16.27883115
 16.43666417
 16.59265633
 16.74686681
 16.89935170
 17.05016425
 17.19935507
 17.34697229
 17.49306173
 17.63766707
 17.78082997
 17.92259019
 18.06298572
 18.20205291
 18.33982652
 18.47633984
 18.61162478
 18.74571196
 18.87863073
 19.01040929
 19.14107476
 19.27065318
 19.39916962
 19.52664822
 19.65311222
 19.77858401
 19.90308520
 20.02663661
 20.14925836
 20.27096987
 20.39178990
 20.51173657
 20.63082742
 20.74907942
 20.86650898
 20.98313199
 21.09896386
 21.21401949
 21.32831336
 21.44185948
 21.55467145
 21.66676248
 21.77814539
 21.88883262
 21.99883625
 22.10816804
 22.21683941
 22.32486145
 22.43224497
 22.53900048
 22.64513820
 22.75066808
 22.85559983
 22.95994288
 23.06370644
 23.16689946
 23.26953069
 23.37160865
 23.47314165
 23.57413780
 23.67460501
 23.77455100
 23.87398331
 23.97290930
 24.07133616
 24.16927090
 24.26672040
 24.36369135
 24.46019031
 24.55622368
 24.65179774
 24.74691861
 24.84159229
 24.93582464
 25.02962140
 25.12298819
 25.21593051
 25.30845374
 25.40056317
 25.49226395
 25.58356115
 25.67445972
 25.76496452
 25.85508032
 25.94481179
 26.03416349
 26.12313993
 26.21174549
 26.29998450
 26.38786119
 26.47537972
 26.56254417
 26.64935853
 26.73582673
 26.82195263
 26.90774002
 26.99319261
 27.07831405
 27.16310793
 27.24757777
 27.33172704
 27.41555912
 27.49907737
 27.58228506
 27.66518543
 27.74778164
 27.83007681
 27.91207402
 27.99377628
 28.07518655
 28.15630775
 28.23714275
 28.31769438
 28.39796540
 28.47795857
 28.55767655
 28.63712201
 28.71629754
 28.79520571
 28.87384905
 28.95223004
 29.03035113
 29.10821473
 29.18582322
 29.26317892
 29.34028415
 29.41714118
 29.49375223
 29.57011951
 29.64624519
 29.72213142
 29.79778029
 29.87319388
 29.94837424
 30.02332340
 30.09804333
 30.17253600
 30.24680335
 30.32084728
 30.39466968
 30.46827239
 30.54165725
 30.61482606
 30.68778060
 30.76052263
 30.83305389
 30.90537607
 30.97749087
 31.04939996
 31.12110497
 31.19260753
 31.26390923
 31.33501166
 31.40591637
 31.47662491
 31.54713879
 31.61745952
 31.68758857
 31.75752741
 31.82727748
 31.89684021
 31.96621701
 32.03540928
 32.10441837
 32.17324566
 32.24189248
 32.31036017
 32.37865002
 32.44676333
 32.51470138
 32.58246543
 32.65005674
 32.71747653
 32.78472602
 32.85180642
 32.91871892
 32.98546470
 33.05204491
 33.11846072
 33.18471325
 33.25080364
 33.31673299
 33.38250240
 33.44811296
 33.51356575
 33.57886182
 33.64400223
 33.70898802
 33.77382022
 33.83849984
 33.90302789
 33.96740537
 34.03163325
 34.09571252
 34.15964413
 34.22342905
 34.28706821
 34.35056254
 34.41391298
 34.47712043
 34.54018579
 34.60310998
 34.66589386
 34.72853831
 34.79104421
 34.85341242
 34.91564377
 34.97773912
 35.03969930
 35.10152513
