  0.00005437
  0.00024146
  0.00057758
  0.00107237
  0.00173298
  0.00256512
  0.00357360
  0.00476258
  0.00613576
  0.00769645
  0.00944764
  0.01139212
  0.01353243
  0.01587095
  0.01840993
  0.02115146
  0.02409751
  0.02724999
  0.03061066
  0.03418125
  0.03796338
  0.04195861
  0.04616846
  0.05059436
  0.05523770
  0.06009984
  0.06518206
  0.07048564
  0.07601178
  0.08176167
  0.08773645
  0.09393725
  0.10036515
  0.10702120
  0.11390645
  0.12102188
  0.12836848
  0.13594722
  0.14375902
  0.15180481
  0.16008547
  0.16860189
  0.17735493
  0.18634542
  0.19557420
  0.20504207
  0.21474982
  0.22469824
  0.23488810
  0.24532014
  0.25599510
  0.26691372
  0.27807670
  0.28948476
  0.30113858
  0.31303885
  0.32518623
  0.33758139
  0.35022498
  0.36311764
  0.37626000
  0.38965269
  0.40329633
  0.41719151
  0.43133884
  0.44573891
  0.46039230
  0.47529959
  0.49046135
  0.50587813
  0.52155050
  0.53747899
  0.55366416
  0.57010653
  0.58680664
  0.60376500
  0.62098214
  0.63845856
  0.65619478
  0.67419128
  0.69244858
  0.71096714
  0.72974747
  0.74879003
  0.76809531
  0.78766377
  0.80749588
  0.82759210
  0.84795288
  0.86857868
  0.88946994
  0.91062711
  0.93205063
  0.95374092
  0.97569843
  0.99792357
  1.02041678
  1.04317847
  1.06620906
  1.08950896
  1.11307857
  1.13691831
  1.16102858
  1.18540977
  1.21006229
  1.23498651
  1.26018284
  1.28565166
  1.31139334
  1.33740828
  1.36369684
  1.39025941
  1.41709634
  1.44420802
  1.47159481
  1.49925706
  1.52719515
  1.55540942
  1.58390023
  1.61266794
  1.64171290
  1.67103544
  1.70063592
  1.73051469
  1.76067207
  1.79110841
  1.82182405
  1.85281931
  1.88409454
  1.91565005
  1.94748617
  1.97960324
  2.01200156
  2.04468147
  2.07764328
  2.11088731
  2.14441387
  2.17822328
  2.21231584
  2.24669187
  2.28135166
  2.31629554
  2.35152379
  2.38703673
  2.42283464
  2.45891783
  2.49528660
  2.53194124
  2.56888204
  2.60610929
  2.64362328
  2.68142430
  2.71951264
  2.75788858
  2.79655240
  2.83550438
  2.87474481
  2.91427397
  2.95409212
  2.99419955
  3.03459652
  3.07528332
  3.11626021
  3.15752746
  3.19908534
  3.24093412
  3.28307406
  3.32550543
  3.36822849
  3.41124349
  3.45455071
  3.49815040
  3.54204281
  3.58622821
  3.63070685
  3.67547897
  3.72054485
  3.76590471
  3.81155883
  3.85750744
  3.90375079
  3.95028913
  3.99712270
  4.04425176
  4.09167653
  4.13939727
  4.18741422
  4.23572760
  4.28433768
  4.33324467
  4.38244882
  4.43195037
  4.48174954
  4.53184658
  4.58224171
  4.63293516
  4.68392717
  4.73521796
  4.78680777
  4.83869682
  4.89088533
  4.94337354
  4.99616167
  5.04924994
  5.10263857
  5.15632779
  5.21031781
  5.26460886
  5.31920115
  5.37409491
  5.42929035
  5.48478769
  5.54058714
  5.59668892
  5.65309324
  5.70980031
  5.76681035
  5.82412357
  5.88174018
  5.93966038
  5.99788439
  6.05641242
  6.11524467
  6.17438134
  6.23382265
  6.29356880
  6.35362000
  6.41397643
  6.47463832
  6.53560586
  6.59687925
  6.65845870
  6.72034439
  6.78253654
  6.84503533
  6.90784098
  6.97095366
  7.03437358
  7.09810094
  7.16213593
  7.22647874
  7.29112957
  7.35608861
  7.42135604
  7.48693207
  7.55281689
  7.61901067
  7.68551362
  7.75232591
  7.81944775
  7.88687931
  7.95462078
  8.02267236
  8.09103421
  8.15970654
  0.66430683
  0.00054949
  0.00000865
  0.00000045
  0.00000005
  0.00000001
  0.00000000
  0.00000000
  0.00000000
  0.00000000
  0.00000000
  0.00000000
  0.00000000
  0.00000000
  0.00000000
  0.00000000
  0.00000000
  0.00000000
  0.00000000
  0.00000000
  0.00000000
  0.00000000
  0.00000000
  0.00000000
  0.00000000
  0.00000000
  0.00000000
  0.00000000
  0.00000000
  0.00000000
  0.00000000
  0.00000000
  0.00000000
  0.00000000
  0.00000000
  0.00000000
  0.00000000
  0.00000000
  0.00000000
  0.00000000
  0.00000000
  0.00000000
  0.00000000
  0.00000000
  0.00000000
  0.00000000
  0.00000000
  0.00000000
  0.00000000
  0.00000000
  0.00000000
  0.00000000
  0.00000000
  0.00000000
  0.00000000
  0.00000000
  0.00000000
  0.00000000
  0.00000000
  0.00000000
  0.00000000
  0.00000000
  0.00000000
  0.00000000
  0.00000000
  0.00000000
  0.00000000
  0.00000000
  0.00000000
  0.00000000
  0.00000000
  0.00000000
  0.00000000
  0.00000000
  0.00000000
  0.00000000
  0.00000000
  0.00000000
  0.00000000
  0.00000000
  0.00000000
  0.00000000
  0.00000000
  0.00000000
  0.00000000
  0.00000000
  0.00000000
  0.00000000
  0.00000000
  0.00000000
  0.00000000
  0.00000000
  0.00000000
  0.00000000
  0.00000000
  0.00000000
  0.00000000
  0.00000000
  0.00000000
  0.00000000
  0.00000000
  0.00000000
  0.00000000
  0.00000000
  0.00000000
  0.00000000
  0.00000000
  0.00000000
  0.00000000
  0.00000000
  0.00000000
  0.00000000
  0.00000000
  0.00000000
  0.00000000
  0.00000000
  0.00000000
  0.00000000
  0.00000000
  0.00000000
  0.00000000
  0.00000000
  0.00000000
  0.00000000
  0.00000000
  0.00000000
  0.00000000
  0.00000000
  0.00000000
  0.00000000
  0.00000000
  0.00000000
  0.00000000
  0.00000000
  0.00000000
  0.00000000
  0.00000000
  0.00000000
  0.00000000
  0.00000000
  0.00000000
  0.00000000
  0.00000000
  0.00000000
  0.00000000
  0.00000000
  0.00000000
  0.00000000
  0.00000000
  0.00000000
  0.00000000
  0.00000000
  0.00000000
  0.00000000
  0.00000000
  0.00000000
  0.00000000
  0.00000000
  0.00000000
  0.00000000
  0.00000000
  0.00000000
  0.00000000
  0.00000000
  0.00000000
  0.00000000
  0.00000000
  0.00000000
  0.00000000
  0.00000000
  0.00000000
  0.00000000
  0.00000000
  0.00000000
  0.00000000
  0.00000000
  0.00000000
  0.00000000
  0.00000000
  0.00000000
  0.00000000
  0.00000000
  0.00000000
  0.00000000
  0.00000000
  0.00000000
  0.00000000
  0.00000000
  0.00000000
  0.00000000
  0.00000000
  0.00000000
  0.00000000
  0.00000000
  0.00000000
  0.00000000
  0.00000000
  0.00000000
  0.00000000
  0.00000000
  0.00000000
  0.00000000
  0.00000000
  0.00000000
  0.00000000
  0.00000000
  0.00000000
  0.00000000
  0.00000000
  0.00000000
  0.00000000
  0.00000000
  0.00000000
  0.00000000
  0.00000000
  0.00000000
  0.00000000
  0.00000000
  0.00000000
  0.00000000
  0.00000000
  0.00000000
  0.00000000
  0.00000000
  0.00000000
  0.00000000
  0.00000000
  0.00000000
  0.00000000
  0.00000000
  0.00000000
  0.00000000
  0.00000000
  0.00000000
  0.00000000
  0.00000000
  0.00000000
  0.00000000
  0.00000000
  0.00000000
  0.00000000
  0.00000000
  0.00000000
  0.00000000
  0.00000000
  0.00000000
  0.00000000
  0.00000000
  0.00000000
  0.00000000
  0.00000000
  0.00000000
  0.00000000
  0.00000000
  0.00000000
  0.02938513
  0.05208199
  0.07279238
  0.09230976
  0.11098546
  0.12901670
  0.14652907
  0.16360918
  0.18032014
  0.19670986
  0.21281587
  0.22866831
  0.24429186
  0.25970711
  0.27493146
  0.28997978
  0.30486494
  0.31959816
  0.33418933
  0.34864719
  0.36297954
  0.37719337
  0.39129499
  0.40529011
  0.41918393
  0.43298119
  0.44668624
  0.46030308
  0.47383539
  0.48728660
  0.50065986
  0.51395813
  0.52718415
  0.54034049
  0.55342954
  0.56645356
  0.57941466
  0.59231484
  0.60515598
  0.61793985
  0.63066813
  0.64334240
  0.65596418
  0.66853490
  0.68105591
  0.69352851
  0.70595394
  0.71833337
  0.73066793
  0.74295868
  0.75520666
  0.76741285
  0.77957818
  0.79170358
  0.80378989
  0.81583796
  0.82784859
  0.83982255
  0.85176057
  0.86366337
  0.87553165
  0.88736606
  0.89916724
  0.91093582
  0.92267238
  0.93437752
  0.94605179
  0.95769572
  0.96930984
  0.98089466
  0.99245067
  1.00397834
  1.01547814
  1.02695051
  1.03839589
  1.04981470
  1.06120735
  1.07257424
  1.08391576
  1.09523228
  1.10652417
  1.11779179
  1.12903549
  1.14025559
  1.15145244
  1.16262635
  1.17377763
  1.18490660
  1.19601354
  1.20709875
  1.21816252
  1.22920511
  1.24022680
  1.25122785
  1.26220852
  1.27316906
  1.28410972
  1.29503074
  1.30593235
  1.31681479
  1.32767827
  1.33852302
  1.34934925
  1.36015718
  1.37094701
  1.38171894
  1.39247318
  1.40320991
  1.41392932
  1.42463161
  1.43531695
  1.44598552
  1.45663751
  1.46727308
  1.47789240
  1.48849563
  1.49908294
  1.50965450
  1.52021045
  1.53075094
  1.54127614
  1.55178619
  1.56228123
  1.57276142
  1.58322687
  1.59367775
  1.60411418
  1.61453630
  1.62494423
  1.63533811
  1.64571806
  1.65608421
  1.66643668
  1.67677559
  1.68710107
  1.69741322
  1.70771216
  1.71799801
  1.72827087
  1.73853086
  1.74877808
  1.75901265
  1.76923466
  1.77944421
  1.78964142
  1.79982637
  1.80999918
  1.82015993
  1.83030872
  1.84044564
  1.85057079
  1.86068426
  1.87078614
  1.88087652
  1.89095548
  1.90102312
  1.91107951
  1.92112474
  1.93115890
  1.94118207
  1.95119432
  1.96119574
  1.97118640
  1.98116639
  1.99113577
  2.00109463
  2.01104304
  2.02098107
  2.03090879
  2.04082628
  2.05073360
  2.06063084
  2.07051805
  2.08039530
  2.09026266
  2.10012020
  2.10996798
  2.11980607
  2.12963453
  2.13945342
  2.14926281
  2.15906276
  2.16885332
  2.17863457
  2.18840655
  2.19816934
  2.20792297
  2.21766752
  2.22740304
  2.23712959
  2.24684722
  2.25655598
  2.26625593
  2.27594713
  2.28562962
  2.29530347
  2.30496871
  2.31462541
  2.32427360
  2.33391336
  2.34354471
  2.35316772
  2.36278242
  2.37238887
  2.38198712
  2.39157722
  2.40115920
  2.41073311
  2.42029901
  2.42985693
  2.43940692
  2.44894903
  2.45848329
  2.46800976
  2.47752847
  2.48703946
  2.49654278
  2.50603848
  2.51552658
  2.52500714
  2.53448018
  2.54394576
  2.55340391
  2.56285467
  2.57229808
  2.58173418
  2.59116300
  2.60058458
  2.60999896
  2.61940619
  2.62880628
  2.63819928
  2.64758523
  2.65696417
  2.66633611
  2.67570111
  2.68505920
  2.69441040
  2.70375476
  2.71309231
  2.72242308
  2.73174710
  2.74106441
  2.75037503
  2.75967901
  2.76897638
  2.77826715
  2.78755138
  2.79682908
  2.80610028
  2.81536503
  2.82462334
  2.83387526
  2.84312080
  2.85236000
  0.06131491
  0.09408788
  0.12086978
  0.14437808
  0.16571791
  0.18547497
  0.20400607
  0.22154851
  0.23827000
  0.25429452
  0.26971693
  0.28461178
  0.29903904
  0.31304780
  0.32667888
  0.33996671
  0.35294062
  0.36562588
  0.37804445
  0.39021555
  0.40215615
  0.41388127
  0.42540436
  0.43673746
  0.44789144
  0.45887613
  0.46970046
  0.48037260
  0.49090000
  0.50128953
  0.51154749
  0.52167973
  0.53169163
  0.54158822
  0.55137416
  0.56105379
  0.57063117
  0.58011011
  0.58949417
  0.59878670
  0.60799084
  0.61710956
  0.62614567
  0.63510180
  0.64398045
  0.65278400
  0.66151470
  0.67017468
  0.67876596
  0.68729048
  0.69575008
  0.70414651
  0.71248144
  0.72075648
  0.72897314
  0.73713289
  0.74523714
  0.75328722
  0.76128442
  0.76922997
  0.77712507
  0.78497085
  0.79276840
  0.80051879
  0.80822302
  0.81588208
  0.82349691
  0.83106842
  0.83859749
  0.84608496
  0.85353166
  0.86093838
  0.86830587
  0.87563490
  0.88292616
  0.89018035
  0.89739815
  0.90458021
  0.91172716
  0.91883962
  0.92591817
  0.93296339
  0.93997586
  0.94695610
  0.95390465
  0.96082202
  0.96770871
  0.97456522
  0.98139201
  0.98818954
  0.99495826
  1.00169861
  1.00841101
  1.01509589
  1.02175363
  1.02838464
  1.03498930
  1.04156798
  1.04812106
  1.05464888
  1.06115180
  1.06763016
  1.07408428
  1.08051450
  1.08692112
  1.09330447
  1.09966484
  1.10600253
  1.11231783
  1.11861102
  1.12488238
  1.13113218
  1.13736069
  1.14356817
  1.14975486
  1.15592103
  1.16206692
  1.16819276
  1.17429878
  1.18038523
  1.18645232
  1.19250027
  1.19852931
  1.20453963
  1.21053146
  1.21650500
  1.22246044
  1.22839798
  1.23431782
  1.24022015
  1.24610515
  1.25197300
  1.25782388
  1.26365797
  1.26947545
  1.27527647
  1.28106122
  1.28682984
  1.29258252
  1.29831939
  1.30404062
  1.30974637
  1.31543677
  1.32111199
  1.32677216
  1.33241743
  1.33804795
  1.34366383
  1.34926524
  1.35485229
  1.36042513
  1.36598387
  1.37152866
  1.37705961
  1.38257685
  1.38808050
  1.39357068
  1.39904751
  1.40451111
  1.40996158
  1.41539906
  1.42082364
  1.42623543
  1.43163455
  1.43702110
  1.44239519
  1.44775692
  1.45310639
  1.45844370
  1.46376895
  1.46908225
  1.47438368
  1.47967334
  1.48495133
  1.49021774
  1.49547265
  1.50071617
  1.50594838
  1.51116936
  1.51637920
  1.52157800
  1.52676582
  1.53194276
  1.53710891
  1.54226433
  1.54740910
  1.55254332
  1.55766706
  1.56278038
  1.56788338
  1.57297612
  1.57805868
  1.58313113
  1.58819355
  1.59324600
  1.59828856
  1.60332129
  1.60834427
  1.61335756
  1.61836123
  1.62335534
  1.62833997
  1.63331518
  1.63828102
  1.64323757
  1.64818489
  1.65312304
  1.65805207
  1.66297206
  1.66788306
  1.67278512
  1.67767832
  1.68256270
  1.68743832
  1.69230524
  1.69716352
  1.70201321
  1.70685436
  1.71168703
  1.71651128
  1.72132715
  1.72613469
  1.73093397
  1.73572503
  1.74050792
  1.74528269
  1.75004940
  1.75480808
  1.75955879
  1.76430158
  1.76903650
  1.77376358
  1.77848289
  1.78319446
  1.78789833
  1.79259457
  1.79728320
  1.80196428
  1.80663785
  1.81130395
  1.81596262
  1.82061391
  1.82525786
  1.82989451
  1.83452390
  1.83914608
  1.84376108
  1.84836894
  1.85296971
  1.85756342
  1.86215011
  1.86672982
  1.87130259
  1.87586846
  1.88042746
  0.06064006
  0.10232252
  0.13895733
  0.17265643
  0.20432831
  0.23447309
  0.26340446
  0.29133611
  0.31842213
  0.34477844
  0.37049512
  0.39564398
  0.42028348
  0.44446205
  0.46822041
  0.49159321
  0.51461026
  0.53729747
  0.55967753
  0.58177045
  0.60359402
  0.62516412
  0.64649505
  0.66759967
  0.68848969
  0.70917574
  0.72966756
  0.74997406
  0.77010345
  0.79006332
  0.80986066
  0.82950198
  0.84899335
  0.86834038
  0.88754836
  0.90662221
  0.92556656
  0.94438575
  0.96308387
  0.98166479
  1.00013212
  1.01848932
  1.03673965
  1.05488618
  1.07293185
  1.09087944
  1.10873160
  1.12649085
  1.14415960
  1.16174014
  1.17923466
  1.19664527
  1.21397395
  1.23122264
  1.24839317
  1.26548732
  1.28250677
  1.29945315
  1.31632803
  1.33313292
  1.34986926
  1.36653845
  1.38314185
  1.39968073
  1.41615637
  1.43256996
  1.44892269
  1.46521566
  1.48144999
  1.49762672
  1.51374688
  1.52981145
  1.54582141
  1.56177767
  1.57768114
  1.59353270
  1.60933319
  1.62508345
  1.64078426
  1.65643641
  1.67204065
  1.68759773
  1.70310834
  1.71857320
  1.73399298
  1.74936834
  1.76469992
  1.77998834
  1.79523422
  1.81043814
  1.82560070
  1.84072246
  1.85580396
  1.87084574
  1.88584834
  1.90081226
  1.91573800
  1.93062606
  1.94547691
  1.96029102
  1.97506885
  1.98981084
  2.00451743
  2.01918905
  2.03382611
  2.04842903
  2.06299821
  2.07753404
  2.09203689
  2.10650716
  2.12094521
  2.13535139
  2.14972606
  2.16406958
  2.17838227
  2.19266448
  2.20691652
  2.22113873
  2.23533141
  2.24949487
  2.26362942
  2.27773535
  2.29181296
  2.30586253
  2.31988434
  2.33387867
  2.34784580
  2.36178598
  2.37569947
  2.38958655
  2.40344745
  2.41728243
  2.43109174
  2.44487560
  2.45863427
  2.47236796
  2.48607692
  2.49976136
  2.51342150
  2.52705756
  2.54066976
  2.55425831
  2.56782341
  2.58136527
  2.59488409
  2.60838007
  2.62185339
  2.63530426
  2.64873286
  2.66213938
  2.67552400
  2.68888690
  2.70222826
  2.71554825
  2.72884705
  2.74212483
  2.75538175
  2.76861798
  2.78183369
  2.79502903
  2.80820416
  2.82135923
  2.83449441
  2.84760985
  2.86070569
  2.87378208
  2.88683916
  2.89987709
  2.91289600
  2.92589604
  2.93887733
  2.95184002
  2.96478425
  2.97771014
  2.99061783
  3.00350744
  3.01637910
  3.02923295
  3.04206910
  3.05488767
  3.06768880
  3.08047259
  3.09323917
  3.10598866
  3.11872116
  3.13143680
  3.14413569
  3.15681793
  3.16948364
  3.18213293
  3.19476591
  3.20738267
  3.21998334
  3.23256800
  3.24513676
  3.25768973
  3.27022700
  3.28274868
  3.29525486
  3.30774564
  3.32022111
  3.33268137
  3.34512651
  3.35755663
  3.36997182
  3.38237216
  3.39475776
  3.40712868
  3.41948504
  3.43182690
  3.44415436
  3.45646750
  3.46876641
  3.48105116
  3.49332185
  3.50557855
  3.51782134
  3.53005030
  3.54226552
  3.55446707
  3.56665502
  3.57882946
  3.59099046
  3.60313809
  3.61527243
  3.62739355
  3.63950153
  3.65159644
  3.66367834
  3.67574731
  3.68780343
  3.69984675
  3.71187735
  3.72389529
  3.73590064
  3.74789348
  3.75987386
  3.77184185
  3.78379751
  3.79574092
  3.80767213
  3.81959120
  3.83149820
  3.84339320
  3.85527624
  3.86714740
  3.87900673
  3.89085429
  3.90269014
  3.91451434
  3.92632695
  3.93812802
  3.94991762
  3.96169579
  3.97346260
  0.06988666
  0.12807659
  0.18254043
  0.23471739
  0.28525723
  0.33452961
  0.38277236
  0.43015083
  0.47678642
  0.52277182
  0.56818004
  0.61307001
  0.65749023
  0.70148126
  0.74507754
  0.78830862
  0.83120013
  0.87377453
  0.91605158
  0.95804888
  0.99978215
  1.04126550
  1.08251170
  1.12353234
  1.16433798
  1.20493829
  1.24534214
  1.28555771
  1.32559256
  1.36545369
  1.40514761
  1.44468039
  1.48405769
  1.52328480
  1.56236669
  1.60130804
  1.64011321
  1.67878637
  1.71733140
  1.75575201
  1.79405169
  1.83223376
  1.87030137
  1.90825752
  1.94610505
  1.98384667
  2.02148498
  2.05902245
  2.09646144
  2.13380422
  2.17105294
  2.20820968
  2.24527644
  2.28225511
  2.31914754
  2.35595549
  2.39268065
  2.42932467
  2.46588911
  2.50237549
  2.53878528
  2.57511989
  2.61138068
  2.64756897
  2.68368603
  2.71973310
  2.75571138
  2.79162201
  2.82746611
  2.86324477
  2.89895905
  2.93460996
  2.97019849
  3.00572561
  3.04119224
  3.07659930
  3.11194767
  3.14723821
  3.18247174
  3.21764908
  3.25277103
  3.28783834
  3.32285178
  3.35781207
  3.39271992
  3.42757603
  3.46238108
  3.49713572
  3.53184060
  3.56649635
  3.60110358
  3.63566289
  3.67017488
  3.70464010
  3.73905913
  3.77343251
  3.80776077
  3.84204444
  3.87628403
  3.91048004
  3.94463296
  3.97874328
  4.01281145
  4.04683795
  4.08082322
  4.11476771
  4.14867184
  4.18253604
  4.21636074
  4.25014633
  4.28389322
  4.31760179
  4.35127244
  4.38490554
  4.41850147
  4.45206058
  4.48558323
  4.51906978
  4.55252057
  4.58593593
  4.61931620
  4.65266171
  4.68597277
  4.71924971
  4.75249282
  4.78570243
  4.81887881
  4.85202228
  4.88513311
  4.91821160
  4.95125802
  4.98427266
  5.01725577
  5.05020763
  5.08312849
  5.11601863
  5.14887829
  5.18170772
  5.21450717
  5.24727688
  5.28001710
  5.31272805
  5.34540996
  5.37806308
  5.41068762
  5.44328380
  5.47585184
  5.50839196
  5.54090438
  5.57338929
  5.60584691
  5.63827744
  5.67068108
  5.70305802
  5.73540847
  5.76773262
  5.80003065
  5.83230275
  5.86454911
  5.89676991
  5.92896533
  5.96113555
  5.99328074
  6.02540107
  6.05749672
  6.08956785
  6.12161463
  6.15363723
  6.18563580
  6.21761051
  6.24956152
  6.28148897
  6.31339303
  6.34527385
  6.37713157
  6.40896635
  6.44077833
  6.47256765
  6.50433447
  6.53607892
  6.56780115
  6.59950128
  6.63117946
  6.66283582
  6.69447050
  6.72608362
  6.75767533
  6.78924574
  6.82079498
  6.85232318
  6.88383047
  6.91531697
  6.94678280
  6.97822808
  7.00965292
  7.04105746
  7.07244180
  7.10380606
  7.13515036
  7.16647480
  7.19777950
  7.22906457
  7.26033012
  7.29157626
  7.32280309
  7.35401072
  7.38519926
  7.41636880
  7.44751946
  7.47865133
  7.50976452
  7.54085911
  7.57193523
  7.60299295
  7.63403238
  7.66505361
  7.69605674
  7.72704186
  7.75800907
  7.78895845
  7.81989010
  7.85080411
  7.88170056
  7.91257956
  7.94344117
  7.97428550
  8.00511262
  8.03592263
  8.06671561
  8.09749163
  8.12825079
  8.15899316
  8.18971884
  8.22042789
  8.25112039
  8.28179644
  8.31245610
  8.34309945
  8.37372658
  8.40433755
  8.43493245
  8.46551134
  8.49607431
  8.52662142
  8.55715275
  8.58766837
  8.61816836
  8.64865278
  8.67912171
  8.70957522
  8.74001336
  8.77043623
  8.80084387
  8.83123637
  8.86161378
  0.16796586
  0.29858083
  0.41803194
  0.53076565
  0.63875397
  0.74310530
  0.84452611
  0.94350390
  1.04039418
  1.13546696
  1.22893385
  1.32096483
  1.41169925
  1.50125330
  1.58972519
  1.67719899
  1.76374740
  1.84943387
  1.93431422
  2.01843792
  2.10184908
  2.18458727
  2.26668818
  2.34818412
  2.42910450
  2.50947618
  2.58932379
  2.66866997
  2.74753562
  2.82594008
  2.90390130
  2.98143597
  3.05855963
  3.13528685
  3.21163122
  3.28760552
  3.36322174
  3.43849120
  3.51342455
  3.58803185
  3.66232261
  3.73630586
  3.80999015
  3.88338360
  3.95649392
  4.02932847
  4.10189425
  4.17419794
  4.24624592
  4.31804428
  4.38959886
  4.46091524
  4.53199876
  4.60285458
  4.67348760
  4.74390257
  4.81410403
  4.88409637
  4.95388378
  5.02347034
  5.09285995
  5.16205639
  5.23106330
  5.29988419
  5.36852245
  5.43698138
  5.50526415
  5.57337383
  5.64131339
  5.70908572
  5.77669361
  5.84413976
  5.91142681
  5.97855729
  6.04553369
  6.11235839
  6.17903374
  6.24556201
  6.31194539
  6.37818603
  6.44428602
  6.51024738
  6.57607210
  6.64176208
  6.70731923
  6.77274534
  6.83804222
  6.90321159
  6.96825515
  7.03317456
  7.09797141
  7.16264730
  7.22720374
  7.29164226
  7.35596431
  7.42017133
  7.48426471
  7.54824583
  7.61211603
  7.67587661
  7.73952886
  7.80307403
  7.86651335
  7.92984802
  7.99307922
  8.05620810
  8.11923578
  8.18216338
  8.24499197
  8.30772262
  8.37035638
  8.43289425
  8.49533724
  8.55768634
  8.61994250
  8.68210667
  8.74417978
  8.80616274
  8.86805644
  8.92986176
  8.99157956
  9.05321068
  9.11475596
  9.17621621
  9.23759223
  9.29888482
  9.36009474
  9.42122276
  9.48226962
  9.54323607
  9.60412281
  9.66493058
  9.72566006
  9.78631194
  9.84688690
  9.90738561
  9.96780873
 10.02815689
 10.08843073
 10.14863088
 10.20875795
 10.26881256
 10.32879529
 10.38870673
 10.44854747
 10.50831807
 10.56801910
 10.62765110
 10.68721463
 10.74671022
 10.80613840
 10.86549969
 10.92479461
 10.98402367
 11.04318736
 11.10228618
 11.16132061
 11.22029114
 11.27919823
 11.33804236
 11.39682398
 11.45554355
 11.51420152
 11.57279832
 11.63133440
 11.68981018
 11.74822609
 11.80658254
 11.86487996
 11.92311876
 11.98129932
 12.03942206
 12.09748736
 12.15549562
 12.21344721
 12.27134252
 12.32918192
 12.38696578
 12.44469446
 12.50236833
 12.55998774
 12.61755304
 12.67506458
 12.73252270
 12.78992775
 12.84728006
 12.90457995
 12.96182777
 13.01902383
 13.07616845
 13.13326195
 13.19030464
 13.24729684
 13.30423884
 13.36113095
 13.41797347
 13.47476670
 13.53151093
 13.58820644
 13.64485353
 13.70145247
 13.75800355
 13.81450705
 13.87096323
 13.92737237
 13.98373475
 14.04005061
 14.09632023
 14.15254387
 14.20872178
 14.26485422
 14.32094144
 14.37698369
 14.43298122
 14.48893427
 14.54484308
 14.60070790
 14.65652895
 14.71230648
 14.76804072
 14.82373189
 14.87938023
 14.93498596
 14.99054931
 15.04607049
 15.10154972
 15.15698723
 15.21238323
 15.26773792
 15.32305152
 15.37832425
 15.43355630
 15.48874788
 15.54389920
 15.59901046
 15.65408185
 15.70911357
 15.76410583
 15.81905880
 15.87397269
 15.92884769
 15.98368398
 16.03848175
 16.09324119
 16.14796248
 16.20264580
 16.25729134
 16.31189927
 16.36646977
 16.42100301
 16.47549917
 16.52995843
 16.58438095
 16.63876690
 16.69311646
  0.09259038
  0.16458331
  0.23042049
  0.29255379
  0.35207063
  0.40958216
  0.46547793
  0.52002674
  0.57342461
  0.62582042
  0.67733085
  0.72804961
  0.77805354
  0.82740670
  0.87616324
  0.92436952
  0.97206561
  1.01928649
  1.06606296
  1.11242227
  1.15838875
  1.20398422
  1.24922835
  1.29413896
  1.33873227
  1.38302307
  1.42702495
  1.47075040
  1.51421093
  1.55741721
  1.60037914
  1.64310591
  1.68560609
  1.72788772
  1.76995829
  1.81182484
  1.85349400
  1.89497198
  1.93626467
  1.97737762
  2.01831607
  2.05908499
  2.09968909
  2.14013286
  2.18042056
  2.22055622
  2.26054372
  2.30038673
  2.34008878
  2.37965321
  2.41908326
  2.45838199
  2.49755236
  2.53659719
  2.57551921
  2.61432102
  2.65300513
  2.69157396
  2.73002982
  2.76837495
  2.80661152
  2.84474159
  2.88276718
  2.92069023
  2.95851260
  2.99623611
  3.03386251
  3.07139349
  3.10883069
  3.14617570
  3.18343007
  3.22059527
  3.25767277
  3.29466396
  3.33157020
  3.36839283
  3.40513312
  3.44179233
  3.47837168
  3.51487233
  3.55129545
  3.58764215
  3.62391353
  3.66011063
  3.69623450
  3.73228615
  3.76826655
  3.80417666
  3.84001742
  3.87578974
  3.91149450
  3.94713258
  3.98270482
  4.01821205
  4.05365507
  4.08903469
  4.12435166
  4.15960675
  4.19480069
  4.22993421
  4.26500801
  4.30002278
  4.33497920
  4.36987794
  4.40471964
  4.43950493
  4.47423444
  4.50890877
  4.54352854
  4.57809431
  4.61260666
  4.64706617
  4.68147337
  4.71582881
  4.75013302
  4.78438653
  4.81858984
  4.85274345
  4.88684785
  4.92090354
  4.95491099
  4.98887065
  5.02278300
  5.05664847
  5.09046751
  5.12424056
  5.15796805
  5.19165038
  5.22528798
  5.25888125
  5.29243058
  5.32593638
  5.35939903
  5.39281890
  5.42619637
  5.45953180
  5.49282556
  5.52607801
  5.55928949
  5.59246035
  5.62559093
  5.65868156
  5.69173257
  5.72474428
  5.75771702
  5.79065110
  5.82354682
  5.85640450
  5.88922443
  5.92200691
  5.95475224
  5.98746069
  6.02013255
  6.05276811
  6.08536764
  6.11793141
  6.15045969
  6.18295274
  6.21541082
  6.24783420
  6.28022312
  6.31257783
  6.34489859
  6.37718563
  6.40943920
  6.44165953
  6.47384686
  6.50600142
  6.53812343
  6.57021313
  6.60227073
  6.63429645
  6.66629052
  6.69825314
  6.73018452
  6.76208488
  6.79395442
  6.82579335
  6.85760186
  6.88938015
  6.92112843
  6.95284688
  6.98453570
  7.01619507
  7.04782519
  7.07942623
  7.11099838
  7.14254183
  7.17405674
  7.20554330
  7.23700169
  7.26843206
  7.29983460
  7.33120948
  7.36255685
  7.39387689
  7.42516976
  7.45643561
  7.48767461
  7.51888692
  7.55007270
  7.58123208
  7.61236524
  7.64347232
  7.67455347
  7.70560884
  7.73663858
  7.76764282
  7.79862172
  7.82957541
  7.86050403
  7.89140773
  7.92228665
  7.95314091
  7.98397065
  8.01477601
  8.04555711
  8.07631410
  8.10704709
  8.13775622
  8.16844161
  8.19910339
  8.22974169
  8.26035662
  8.29094831
  8.32151687
  8.35206244
  8.38258512
  8.41308504
  8.44356231
  8.47401705
  8.50444936
  8.53485937
  8.56524719
  8.59561292
  8.62595668
  8.65627857
  8.68657871
  8.71685719
  8.74711413
  8.77734963
  8.80756380
  8.83775674
  8.86792854
  8.89807932
  8.92820917
  8.95831819
  8.98840648
  9.01847414
  9.04852126
  9.07854794
  9.10855428
  9.13854038
  9.16850631
  9.19845218
