  2.42167377
  2.29608656
  2.22566403
  2.17701227
  2.14000862
  2.11024183
  2.08539762
  2.06411313
  2.04551928
  2.02902848
  2.01422530
  2.00080538
  1.98853922
  1.97724958
  1.96679680
  1.95706890
  1.94797478
  1.93943932
  1.93139989
  1.92380373
  1.91660600
  1.90976824
  1.90325728
  1.89704427
  1.89110399
  1.88541423
  1.87995540
  1.87471007
  1.86966270
  1.86479937
  1.86010755
  1.85557596
  1.85119435
  1.84695345
  1.84284479
  1.83886064
  1.83499392
  1.83123813
  1.82758730
  1.82403591
  1.82057886
  1.81721144
  1.81392927
  1.81072829
  1.80760470
  1.80455499
  1.80157584
  1.79866418
  1.79581712
  1.79303196
  1.79030614
  1.78763727
  1.78502311
  1.78246153
  1.77995053
  1.77748822
  1.77507281
  1.77270261
  1.77037601
  1.76809149
  1.76584760
  1.76364299
  1.76147633
  1.75934640
  1.75725200
  1.75519202
  1.75316538
  1.75117105
  1.74920806
  1.74727547
  1.74537237
  1.74349793
  1.74165131
  1.73983174
  1.73803845
  1.73627072
  1.73452787
  1.73280922
  1.73111414
  1.72944200
  1.72779223
  1.72616424
  1.72455749
  1.72297145
  1.72140562
  1.71985950
  1.71833262
  1.71682452
  1.71533476
  1.71386292
  1.71240859
  1.71097136
  1.70955086
  1.70814671
  1.70675856
  1.70538605
  1.70402885
  1.70268664
  1.70135909
  1.70004591
  1.69874679
  1.69746145
  1.69618961
  1.69493099
  1.69368534
  1.69245240
  1.69123192
  1.69002367
  1.68882740
  1.68764289
  1.68646992
  1.68530827
  1.68415774
  1.68301812
  1.68188922
  1.68077084
  1.67966279
  1.67856489
  1.67747697
  1.67639884
  1.67533035
  1.67427133
  1.67322161
  1.67218104
  1.67114947
  1.67012675
  1.66911273
  1.66810727
  1.66711024
  1.66612149
  1.66514091
  1.66416834
  1.66320368
  1.66224680
  1.66129758
  1.66035590
  1.65942165
  1.65849471
  1.65757497
  1.65666234
  1.65575669
  1.65485794
  1.65396597
  1.65308070
  1.65220203
  1.65132985
  1.65046408
  1.64960464
  1.64875142
  1.64790435
  1.64706333
  1.64622830
  1.64539915
  1.64457583
  1.64375824
  1.64294631
  1.64213996
  1.64133913
  1.64054374
  1.63975371
  1.63896899
  1.63818949
  1.63741516
  1.63664593
  1.63588173
  1.63512251
  1.63436819
  1.63361872
  1.63287404
  1.63213409
  1.63139881
  1.63066815
  1.62994205
  1.62922045
  1.62850331
  1.62779056
  1.62708217
  1.62637806
  1.62567821
  1.62498255
  1.62429105
  1.62360364
  1.62292029
  1.62224095
  1.62156557
  1.62089411
  1.62022653
  1.61956279
  1.61890283
  1.61824662
  1.61759412
  1.61694529
  1.61630009
  1.61565848
  1.61502042
  1.61438587
  1.61375480
  1.61312717
  1.61250295
  1.61188209
  1.61126457
  1.61065034
  1.61003938
  1.60943166
  1.60882713
  1.60822577
  1.60762755
  1.60703243
  1.60644038
  1.60585138
  1.60526539
  1.60468238
  1.60410232
  1.60352519
  1.60295096
  1.60237960
  1.60181107
  1.60124536
  1.60068244
  1.60012228
  1.59956486
  1.59901014
  1.59845811
  1.59790874
  1.59736200
  1.59681788
  1.59627633
  1.59573736
  1.59520092
  1.59466700
  1.59413557
  1.59360661
  1.59308011
  1.59255603
  1.59203436
  1.59151507
  1.59099814
  1.59048356
  1.58997131
  1.58946135
  1.58895368
  1.58844827
  1.58794511
  1.58744417
  1.58694544
  1.58644889
  1.58595451
  1.58546228
  1.58497219
  1.58448421
  1.58399833
  1.58351453
  1.58303279
  1.58255310
  1.58207543
  2.47610890
  2.36167470
  2.29720258
  2.25252912
  2.21847684
  2.19103659
  2.16810116
  2.14842774
  2.13122278
  2.11594920
  2.10222688
  2.08977711
  2.07838955
  2.06790164
  2.05818521
  2.04913743
  2.04067458
  2.03272761
  2.02523890
  2.01815990
  2.01144933
  2.00507177
  1.99899664
  1.99319737
  1.98765067
  1.98233608
  1.97723552
  1.97233288
  1.96761383
  1.96306550
  1.95867633
  1.95443587
  1.95033466
  1.94636413
  1.94251643
  1.93878442
  1.93516155
  1.93164181
  1.92821965
  1.92488997
  1.92164805
  1.91848953
  1.91541034
  1.91240671
  1.90947514
  1.90661235
  1.90381529
  1.90108109
  1.89840707
  1.89579073
  1.89322970
  1.89072176
  1.88826483
  1.88585692
  1.88349618
  1.88118086
  1.87890929
  1.87667990
  1.87449120
  1.87234177
  1.87023028
  1.86815545
  1.86611606
  1.86411096
  1.86213906
  1.86019930
  1.85829068
  1.85641226
  1.85456312
  1.85274239
  1.85094923
  1.84918286
  1.84744250
  1.84572742
  1.84403693
  1.84237034
  1.84072702
  1.83910634
  1.83750770
  1.83593054
  1.83437430
  1.83283845
  1.83132248
  1.82982590
  1.82834822
  1.82688901
  1.82544781
  1.82402420
  1.82261776
  1.82122811
  1.81985485
  1.81849763
  1.81715607
  1.81582983
  1.81451858
  1.81322199
  1.81193975
  1.81067156
  1.80941711
  1.80817613
  1.80694834
  1.80573346
  1.80453124
  1.80334143
  1.80216377
  1.80099804
  1.79984399
  1.79870141
  1.79757008
  1.79644978
  1.79534031
  1.79424146
  1.79315305
  1.79207487
  1.79100676
  1.78994852
  1.78889998
  1.78786097
  1.78683132
  1.78581088
  1.78479948
  1.78379697
  1.78280320
  1.78181802
  1.78084130
  1.77987288
  1.77891265
  1.77796045
  1.77701617
  1.77607968
  1.77515085
  1.77422957
  1.77331571
  1.77240916
  1.77150981
  1.77061755
  1.76973227
  1.76885387
  1.76798224
  1.76711728
  1.76625890
  1.76540700
  1.76456148
  1.76372226
  1.76288923
  1.76206233
  1.76124145
  1.76042651
  1.75961744
  1.75881415
  1.75801655
  1.75722458
  1.75643816
  1.75565721
  1.75488165
  1.75411143
  1.75334646
  1.75258667
  1.75183201
  1.75108240
  1.75033778
  1.74959808
  1.74886325
  1.74813321
  1.74740792
  1.74668730
  1.74597131
  1.74525988
  1.74455297
  1.74385050
  1.74315244
  1.74245873
  1.74176931
  1.74108413
  1.74040315
  1.73972631
  1.73905357
  1.73838488
  1.73772018
  1.73705945
  1.73640262
  1.73574966
  1.73510052
  1.73445515
  1.73381353
  1.73317559
  1.73254132
  1.73191065
  1.73128356
  1.73066000
  1.73003994
  1.72942333
  1.72881015
  1.72820035
  1.72759391
  1.72699077
  1.72639091
  1.72579430
  1.72520090
  1.72461067
  1.72402359
  1.72343962
  1.72285873
  1.72228089
  1.72170607
  1.72113423
  1.72056535
  1.71999940
  1.71943635
  1.71887618
  1.71831884
  1.71776432
  1.71721258
  1.71666361
  1.71611736
  1.71557383
  1.71503298
  1.71449478
  1.71395922
  1.71342626
  1.71289588
  1.71236806
  1.71184277
  1.71132000
  1.71079971
  1.71028188
  1.70976650
  1.70925354
  1.70874297
  1.70823478
  1.70772895
  1.70722545
  1.70672426
  1.70622537
  1.70572875
  1.70523438
  1.70474224
  1.70425232
  1.70376459
  1.70327903
  1.70279564
  1.70231438
  1.70183524
  1.70135820
  1.70088324
  1.70041036
  1.69993952
  1.69947071
  1.69900392
  1.69853912
  1.69807631
  1.69761547
  1.69715657
  1.69669961
  1.69624456
  2.29430330
  2.22648175
  2.18774193
  2.16066507
  2.13989362
  2.12307043
  2.10894985
  2.09679398
  2.08612992
  2.07663656
  2.06808599
  2.06031067
  2.05318390
  2.04660751
  2.04050398
  2.03481098
  2.02947770
  2.02446216
  2.01972927
  2.01524942
  2.01099742
  2.00695162
  2.00309329
  1.99940615
  1.99587592
  1.99249004
  1.98923739
  1.98610806
  1.98309323
  1.98018495
  1.97737611
  1.97466025
  1.97203152
  1.96948462
  1.96701471
  1.96461734
  1.96228847
  1.96002436
  1.95782158
  1.95567695
  1.95358754
  1.95155064
  1.94956372
  1.94762443
  1.94573059
  1.94388016
  1.94207123
  1.94030201
  1.93857084
  1.93687614
  1.93521644
  1.93359035
  1.93199657
  1.93043385
  1.92890104
  1.92739703
  1.92592078
  1.92447131
  1.92304768
  1.92164901
  1.92027445
  1.91892320
  1.91759450
  1.91628762
  1.91500188
  1.91373660
  1.91249118
  1.91126499
  1.91005748
  1.90886809
  1.90769629
  1.90654159
  1.90540350
  1.90428156
  1.90317533
  1.90208438
  1.90100831
  1.89994671
  1.89889923
  1.89786548
  1.89684513
  1.89583784
  1.89484328
  1.89386115
  1.89289114
  1.89193296
  1.89098634
  1.89005100
  1.88912669
  1.88821315
  1.88731013
  1.88641742
  1.88553476
  1.88466196
  1.88379879
  1.88294504
  1.88210053
  1.88126505
  1.88043841
  1.87962044
  1.87881097
  1.87800981
  1.87721680
  1.87643179
  1.87565461
  1.87488511
  1.87412316
  1.87336859
  1.87262128
  1.87188109
  1.87114789
  1.87042154
  1.86970193
  1.86898893
  1.86828243
  1.86758231
  1.86688846
  1.86620077
  1.86551913
  1.86484344
  1.86417360
  1.86350951
  1.86285108
  1.86219821
  1.86155080
  1.86090878
  1.86027206
  1.85964054
  1.85901415
  1.85839280
  1.85777642
  1.85716493
  1.85655826
  1.85595632
  1.85535905
  1.85476638
  1.85417824
  1.85359457
  1.85301528
  1.85244033
  1.85186965
  1.85130318
  1.85074085
  1.85018261
  1.84962840
  1.84907816
  1.84853185
  1.84798939
  1.84745075
  1.84691586
  1.84638468
  1.84585716
  1.84533325
  1.84481289
  1.84429605
  1.84378268
  1.84327273
  1.84276616
  1.84226292
  1.84176297
  1.84126628
  1.84077279
  1.84028246
  1.83979527
  1.83931117
  1.83883011
  1.83835207
  1.83787701
  1.83740489
  1.83693568
  1.83646933
  1.83600583
  1.83554512
  1.83508719
  1.83463199
  1.83417950
  1.83372968
  1.83328251
  1.83283795
  1.83239597
  1.83195655
  1.83151965
  1.83108525
  1.83065332
  1.83022383
  1.82979676
  1.82937208
  1.82894976
  1.82852977
  1.82811210
  1.82769672
  1.82728359
  1.82687271
  1.82646404
  1.82605757
  1.82565326
  1.82525110
  1.82485106
  1.82445313
  1.82405727
  1.82366348
  1.82327173
  1.82288199
  1.82249425
  1.82210849
  1.82172468
  1.82134282
  1.82096288
  1.82058483
  1.82020867
  1.81983437
  1.81946192
  1.81909130
  1.81872249
  1.81835547
  1.81799023
  1.81762675
  1.81726501
  1.81690500
  1.81654670
  1.81619010
  1.81583517
  1.81548191
  1.81513030
  1.81478032
  1.81443196
  1.81408521
  1.81374004
  1.81339645
  1.81305442
  1.81271395
  1.81237500
  1.81203758
  1.81170166
  1.81136724
  1.81103430
  1.81070282
  1.81037281
  1.81004423
  1.80971709
  1.80939137
  1.80906705
  1.80874413
  1.80842260
  1.80810243
  1.80778363
  1.80746617
  1.80715005
  1.80683526
  1.80652179
  1.80620962
  1.80589875
  1.80558916
  1.80528084
  1.80497379
  2.57876623
  2.45839901
  2.39061028
  2.34365008
  2.30786112
  2.27902548
  2.25492656
  2.23425720
  2.21618286
  2.20013874
  2.18572515
  2.17264904
  2.16068928
  2.14967497
  2.13947136
  2.12997038
  2.12108401
  2.11273968
  2.10487683
  2.09744444
  2.09039910
  2.08370362
  2.07732585
  2.07123785
  2.06541518
  2.05983633
  2.05448228
  2.04933613
  2.04438280
  2.03960879
  2.03500194
  2.03055128
  2.02624687
  2.02207969
  2.01804152
  2.01412484
  2.01032277
  2.00662900
  2.00303770
  1.99954352
  1.99614150
  1.99282704
  1.98959589
  1.98644408
  1.98336793
  1.98036400
  1.97742908
  1.97456017
  1.97175445
  1.96900928
  1.96632218
  1.96369082
  1.96111301
  1.95858668
  1.95610987
  1.95368073
  1.95129753
  1.94895861
  1.94666241
  1.94440743
  1.94219228
  1.94001561
  1.93787615
  1.93577269
  1.93370407
  1.93166920
  1.92966701
  1.92769653
  1.92575677
  1.92384684
  1.92196585
  1.92011298
  1.91828741
  1.91648838
  1.91471515
  1.91296702
  1.91124330
  1.90954335
  1.90786654
  1.90621226
  1.90457995
  1.90296903
  1.90137898
  1.89980928
  1.89825943
  1.89672894
  1.89521737
  1.89372425
  1.89224916
  1.89079168
  1.88935142
  1.88792797
  1.88652096
  1.88513004
  1.88375485
  1.88239504
  1.88105029
  1.87972028
  1.87840469
  1.87710324
  1.87581563
  1.87454157
  1.87328079
  1.87203303
  1.87079804
  1.86957555
  1.86836532
  1.86716713
  1.86598074
  1.86480593
  1.86364248
  1.86249018
  1.86134882
  1.86021821
  1.85909816
  1.85798847
  1.85688895
  1.85579944
  1.85471975
  1.85364972
  1.85258918
  1.85153796
  1.85049592
  1.84946289
  1.84843873
  1.84742329
  1.84641643
  1.84541801
  1.84442790
  1.84344595
  1.84247205
  1.84150606
  1.84054786
  1.83959733
  1.83865435
  1.83771882
  1.83679060
  1.83586960
  1.83495571
  1.83404882
  1.83314883
  1.83225563
  1.83136913
  1.83048924
  1.82961585
  1.82874888
  1.82788823
  1.82703382
  1.82618556
  1.82534336
  1.82450714
  1.82367682
  1.82285232
  1.82203356
  1.82122047
  1.82041296
  1.81961097
  1.81881442
  1.81802324
  1.81723736
  1.81645671
  1.81568123
  1.81491085
  1.81414551
  1.81338514
  1.81262968
  1.81187906
  1.81113324
  1.81039215
  1.80965573
  1.80892393
  1.80819668
  1.80747395
  1.80675566
  1.80604178
  1.80533224
  1.80462700
  1.80392600
  1.80322920
  1.80253655
  1.80184801
  1.80116351
  1.80048303
  1.79980651
  1.79913390
  1.79846518
  1.79780028
  1.79713918
  1.79648182
  1.79582817
  1.79517819
  1.79453183
  1.79388907
  1.79324985
  1.79261415
  1.79198192
  1.79135313
  1.79072774
  1.79010572
  1.78948704
  1.78887165
  1.78825952
  1.78765063
  1.78704493
  1.78644240
  1.78584301
  1.78524671
  1.78465349
  1.78406331
  1.78347614
  1.78289195
  1.78231071
  1.78173239
  1.78115697
  1.78058442
  1.78001471
  1.77944781
  1.77888369
  1.77832234
  1.77776372
  1.77720780
  1.77665457
  1.77610400
  1.77555606
  1.77501072
  1.77446798
  1.77392779
  1.77339014
  1.77285501
  1.77232237
  1.77179219
  1.77126447
  1.77073917
  1.77021628
  1.76969577
  1.76917762
  1.76866181
  1.76814833
  1.76763714
  1.76712824
  1.76662160
  1.76611720
  1.76561502
  1.76511505
  1.76461727
  1.76412165
  1.76362818
  1.76313684
  1.76264761
  1.76216048
  1.76167543
  1.76119244
  1.76071149
  1.76023258
  1.75975567
  2.46725000
  2.36822945
  2.31215879
  2.27318299
  2.24340403
  2.21936267
  2.19923710
  2.18195112
  2.16681662
  2.15336731
  2.14127287
  2.13029083
  2.12023808
  2.11097298
  2.10238378
  2.09438075
  2.08689082
  2.07985365
  2.07321891
  2.06694412
  2.06099318
  2.05533508
  2.04994305
  2.04479379
  2.03986692
  2.03514450
  2.03061064
  2.02625124
  2.02205371
  2.01800676
  2.01410022
  2.01032493
  2.00667257
  2.00313559
  1.99970712
  1.99638086
  1.99315105
  1.99001239
  1.98696002
  1.98398944
  1.98109649
  1.97827733
  1.97552838
  1.97284631
  1.97022804
  1.96767069
  1.96517154
  1.96272809
  1.96033797
  1.95799895
  1.95570897
  1.95346606
  1.95126837
  1.94911416
  1.94700180
  1.94492973
  1.94289648
  1.94090066
  1.93894096
  1.93701613
  1.93512497
  1.93326638
  1.93143926
  1.92964260
  1.92787543
  1.92613682
  1.92442590
  1.92274180
  1.92108374
  1.91945093
  1.91784264
  1.91625816
  1.91469682
  1.91315798
  1.91164100
  1.91014529
  1.90867028
  1.90721542
  1.90578018
  1.90436406
  1.90296656
  1.90158722
  1.90022558
  1.89888120
  1.89755367
  1.89624257
  1.89494753
  1.89366815
  1.89240408
  1.89115496
  1.88992046
  1.88870024
  1.88749399
  1.88630140
  1.88512217
  1.88395601
  1.88280265
  1.88166181
  1.88053324
  1.87941668
  1.87831187
  1.87721860
  1.87613662
  1.87506570
  1.87400564
  1.87295621
  1.87191722
  1.87088847
  1.86986975
  1.86886088
  1.86786168
  1.86687197
  1.86589157
  1.86492032
  1.86395805
  1.86300461
  1.86205982
  1.86112356
  1.86019565
  1.85927597
  1.85836437
  1.85746072
  1.85656488
  1.85567671
  1.85479610
  1.85392292
  1.85305705
  1.85219837
  1.85134677
  1.85050213
  1.84966434
  1.84883330
  1.84800890
  1.84719104
  1.84637961
  1.84557453
  1.84477570
  1.84398301
  1.84319639
  1.84241573
  1.84164096
  1.84087199
  1.84010873
  1.83935111
  1.83859903
  1.83785243
  1.83711123
  1.83637534
  1.83564471
  1.83491925
  1.83419889
  1.83348357
  1.83277321
  1.83206776
  1.83136714
  1.83067129
  1.82998015
  1.82929365
  1.82861174
  1.82793436
  1.82726145
  1.82659295
  1.82592881
  1.82526897
  1.82461337
  1.82396197
  1.82331472
  1.82267155
  1.82203243
  1.82139730
  1.82076611
  1.82013882
  1.81951538
  1.81889575
  1.81827988
  1.81766772
  1.81705924
  1.81645438
  1.81585312
  1.81525540
  1.81466119
  1.81407044
  1.81348312
  1.81289919
  1.81231862
  1.81174135
  1.81116737
  1.81059663
  1.81002909
  1.80946472
  1.80890349
  1.80834537
  1.80779031
  1.80723830
  1.80668928
  1.80614325
  1.80560015
  1.80505997
  1.80452267
  1.80398822
  1.80345659
  1.80292775
  1.80240169
  1.80187836
  1.80135774
  1.80083980
  1.80032452
  1.79981186
  1.79930182
  1.79879435
  1.79828943
  1.79778704
  1.79728715
  1.79678975
  1.79629480
  1.79580228
  1.79531217
  1.79482444
  1.79433908
  1.79385607
  1.79337537
  1.79289697
  1.79242085
  1.79194698
  1.79147535
  1.79100593
  1.79053871
  1.79007366
  1.78961077
  1.78915001
  1.78869137
  1.78823483
  1.78778036
  1.78732796
  1.78687760
  1.78642927
  1.78598294
  1.78553861
  1.78509625
  1.78465584
  1.78421737
  1.78378083
  1.78334619
  1.78291344
  1.78248256
  1.78205355
  1.78162638
  1.78120103
  1.78077750
  1.78035576
  1.77993581
  1.77951763
  1.77910120
  1.77868651
  1.77827354
  2.61954490
  2.48729263
  2.41304728
  2.36171734
  2.32265587
  2.29122040
  2.26497425
  2.24248194
  2.22282779
  2.20539256
  2.18973832
  2.17554416
  2.16256807
  2.15062309
  2.13956190
  2.12926635
  2.11964029
  2.11060447
  2.10209277
  2.09404949
  2.08642729
  2.07918558
  2.07228932
  2.06570804
  2.05941510
  2.05338706
  2.04760322
  2.04204515
  2.03669645
  2.03154240
  2.02656978
  2.02176664
  2.01712218
  2.01262657
  2.00827088
  2.00404694
  1.99994725
  1.99596496
  1.99209374
  1.98832777
  1.98466164
  1.98109038
  1.97760937
  1.97421429
  1.97090114
  1.96766619
  1.96450596
  1.96141718
  1.95839680
  1.95544195
  1.95254995
  1.94971825
  1.94694449
  1.94422641
  1.94156190
  1.93894896
  1.93638568
  1.93387029
  1.93140109
  1.92897646
  1.92659487
  1.92425488
  1.92195511
  1.91969424
  1.91747102
  1.91528426
  1.91313283
  1.91101563
  1.90893163
  1.90687984
  1.90485932
  1.90286915
  1.90090847
  1.89897645
  1.89707228
  1.89519521
  1.89334449
  1.89151943
  1.88971935
  1.88794359
  1.88619152
  1.88446255
  1.88275610
  1.88107160
  1.87940851
  1.87776632
  1.87614453
  1.87454265
  1.87296021
  1.87139677
  1.86985189
  1.86832515
  1.86681614
  1.86532447
  1.86384975
  1.86239163
  1.86094974
  1.85952374
  1.85811329
  1.85671807
  1.85533777
  1.85397207
  1.85262069
  1.85128334
  1.84995974
  1.84864962
  1.84735271
  1.84606877
  1.84479754
  1.84353878
  1.84229226
  1.84105775
  1.83983503
  1.83862389
  1.83742411
  1.83623549
  1.83505784
  1.83389095
  1.83273464
  1.83158873
  1.83045304
  1.82932738
  1.82821161
  1.82710553
  1.82600901
  1.82492187
  1.82384396
  1.82277514
  1.82171526
  1.82066417
  1.81962173
  1.81858781
  1.81756227
  1.81654499
  1.81553584
  1.81453468
  1.81354141
  1.81255590
  1.81157804
  1.81060770
  1.80964479
  1.80868919
  1.80774079
  1.80679950
  1.80586520
  1.80493781
  1.80401721
  1.80310332
  1.80219605
  1.80129529
  1.80040097
  1.79951299
  1.79863126
  1.79775571
  1.79688625
  1.79602279
  1.79516526
  1.79431359
  1.79346768
  1.79262748
  1.79179290
  1.79096387
  1.79014032
  1.78932219
  1.78850940
  1.78770189
  1.78689959
  1.78610243
  1.78531036
  1.78452331
  1.78374122
  1.78296403
  1.78219168
  1.78142412
  1.78066128
  1.77990311
  1.77914956
  1.77840057
  1.77765608
  1.77691606
  1.77618044
  1.77544917
  1.77472221
  1.77399951
  1.77328102
  1.77256669
  1.77185647
  1.77115032
  1.77044820
  1.76975006
  1.76905586
  1.76836556
  1.76767910
  1.76699646
  1.76631759
  1.76564245
  1.76497101
  1.76430321
  1.76363904
  1.76297844
  1.76232138
  1.76166782
  1.76101773
  1.76037107
  1.75972782
  1.75908792
  1.75845136
  1.75781809
  1.75718808
  1.75656131
  1.75593774
  1.75531733
  1.75470006
  1.75408590
  1.75347482
  1.75286678
  1.75226176
  1.75165973
  1.75106066
  1.75046452
  1.74987129
  1.74928094
  1.74869343
  1.74810876
  1.74752688
  1.74694777
  1.74637141
  1.74579777
  1.74522683
  1.74465857
  1.74409295
  1.74352996
  1.74296957
  1.74241176
  1.74185650
  1.74130378
  1.74075357
  1.74020585
  1.73966060
  1.73911779
  1.73857741
  1.73803944
  1.73750384
  1.73697062
  1.73643973
  1.73591117
  1.73538491
  1.73486094
  1.73433923
  1.73381977
  1.73330254
  1.73278752
  1.73227469
  1.73176404
  1.73125554
  1.70334646
  1.73146594
  1.74812948
  1.76004962
  1.76935155
  1.77698825
  1.78347071
  1.78910518
  1.79408990
  1.79856066
  1.80261455
  1.80632344
  1.80974202
  1.81291290
  1.81586992
  1.81864039
  1.82124669
  1.82370741
  1.82603810
  1.82825197
  1.83036029
  1.83237278
  1.83429786
  1.83614290
  1.83791434
  1.83961792
  1.84125868
  1.84284114
  1.84436937
  1.84584698
  1.84727726
  1.84866318
  1.85000745
  1.85131251
  1.85258063
  1.85381384
  1.85501406
  1.85618301
  1.85732231
  1.85843343
  1.85951775
  1.86057656
  1.86161103
  1.86262227
  1.86361132
  1.86457913
  1.86552662
  1.86645462
  1.86736394
  1.86825532
  1.86912945
  1.86998701
  1.87082862
  1.87165486
  1.87246629
  1.87326345
  1.87404683
  1.87481690
  1.87557412
  1.87631890
  1.87705167
  1.87777280
  1.87848266
  1.87918160
  1.87986996
  1.88054806
  1.88121619
  1.88187467
  1.88252375
  1.88316371
  1.88379481
  1.88441729
  1.88503139
  1.88563732
  1.88623531
  1.88682557
  1.88740829
  1.88798368
  1.88855190
  1.88911314
  1.88966757
  1.89021536
  1.89075667
  1.89129165
  1.89182044
  1.89234319
  1.89286005
  1.89337113
  1.89387657
  1.89437650
  1.89487104
  1.89536030
  1.89584439
  1.89632343
  1.89679751
  1.89726675
  1.89773124
  1.89819108
  1.89864636
  1.89909717
  1.89954360
  1.89998574
  1.90042366
  1.90085745
  1.90128719
  1.90171295
  1.90213481
  1.90255283
  1.90296710
  1.90337766
  1.90378460
  1.90418798
  1.90458785
  1.90498429
  1.90537734
  1.90576707
  1.90615354
  1.90653679
  1.90691688
  1.90729387
  1.90766781
  1.90803873
  1.90840670
  1.90877177
  1.90913396
  1.90949335
  1.90984995
  1.91020383
  1.91055501
  1.91090355
  1.91124948
  1.91159284
  1.91193367
  1.91227201
  1.91260789
  1.91294135
  1.91327243
  1.91360115
  1.91392756
  1.91425168
  1.91457355
  1.91489320
  1.91521066
  1.91552595
  1.91583912
  1.91615019
  1.91645918
  1.91676612
  1.91707105
  1.91737399
  1.91767496
  1.91797399
  1.91827111
  1.91856633
  1.91885969
  1.91915121
  1.91944091
  1.91972881
  1.92001494
  1.92029932
  1.92058197
  1.92086291
  1.92114216
  1.92141974
  1.92169568
  1.92196998
  1.92224268
  1.92251379
  1.92278333
  1.92305131
  1.92331777
  1.92358270
  1.92384613
  1.92410808
  1.92436857
  1.92462760
  1.92488521
  1.92514139
  1.92539618
  1.92564958
  1.92590160
  1.92615227
  1.92640161
  1.92664961
  1.92689630
  1.92714169
  1.92738580
  1.92762864
  1.92787022
  1.92811055
  1.92834965
  1.92858753
  1.92882421
  1.92905969
  1.92929399
  1.92952712
  1.92975909
  1.92998992
  1.93021961
  1.93044817
  1.93067562
  1.93090197
  1.93112723
  1.93135141
  1.93157451
  1.93179656
  1.93201756
  1.93223751
  1.93245644
  1.93267435
  1.93289124
  1.93310713
  1.93332204
  1.93353596
  1.93374890
  1.93396088
  1.93417191
  1.93438198
  1.93459112
  1.93479933
  1.93500661
  1.93521299
  1.93541845
  1.93562302
  1.93582670
  1.93602950
  1.93623142
  1.93643248
  1.93663267
  1.93683202
  1.93703052
  1.93722818
  1.93742502
  1.93762103
  1.93781622
  1.93801061
  1.93820419
  1.93839698
  1.93858897
  1.93878019
  1.93897063
  1.93916029
  1.93934920
  1.93953735
  1.93972474
  1.93991139
  1.94009730
  1.94028248
  1.94046693
  1.94065066
  1.94083367
  1.94101597
  1.94119757
  1.94137846
  1.94155867
  2.00914505
  2.03995683
  2.05819915
  2.07124112
  2.08141415
  2.08976320
  2.09684835
  2.10300519
  2.10845092
  2.11333423
  2.11776147
  2.12181132
  2.12554366
  2.12900512
  2.13223273
  2.13525639
  2.13810058
  2.14078562
  2.14332856
  2.14574383
  2.14804375
  2.15023896
  2.15233867
  2.15435092
  2.15628278
  2.15814050
  2.15992961
  2.16165504
  2.16332123
  2.16493215
  2.16649138
  2.16800217
  2.16946748
  2.17088999
  2.17227215
  2.17361621
  2.17492424
  2.17619815
  2.17743968
  2.17865045
  2.17983198
  2.18098565
  2.18211276
  2.18321452
  2.18429206
  2.18534643
  2.18637861
  2.18738954
  2.18838007
  2.18935103
  2.19030318
  2.19123723
  2.19215389
  2.19305378
  2.19393752
  2.19480568
  2.19565880
  2.19649742
  2.19732201
  2.19813304
  2.19893096
  2.19971618
  2.20048912
  2.20125015
  2.20199963
  2.20273792
  2.20346536
  2.20418224
  2.20488890
  2.20558560
  2.20627264
  2.20695028
  2.20761877
  2.20827837
  2.20892931
  2.20957181
  2.21020610
  2.21083238
  2.21145086
  2.21206172
  2.21266517
  2.21326137
  2.21385050
  2.21443273
  2.21500822
  2.21557713
  2.21613960
  2.21669579
  2.21724582
  2.21778985
  2.21832800
  2.21886039
  2.21938715
  2.21990840
  2.22042426
  2.22093483
  2.22144023
  2.22194056
  2.22243591
  2.22292640
  2.22341212
  2.22389315
  2.22436959
  2.22484153
  2.22530906
  2.22577224
  2.22623118
  2.22668594
  2.22713659
  2.22758323
  2.22802590
  2.22846470
  2.22889968
  2.22933091
  2.22975846
  2.23018239
  2.23060275
  2.23101962
  2.23143305
  2.23184309
  2.23224981
  2.23265325
  2.23305346
  2.23345051
  2.23384444
  2.23423530
  2.23462314
  2.23500800
  2.23538993
  2.23576898
  2.23614519
  2.23651860
  2.23688925
  2.23725718
  2.23762244
  2.23798507
  2.23834509
  2.23870255
  2.23905749
  2.23940994
  2.23975994
  2.24010752
  2.24045271
  2.24079555
  2.24113607
  2.24147429
  2.24181027
  2.24214401
  2.24247555
  2.24280493
  2.24313216
  2.24345728
  2.24378032
  2.24410130
  2.24442024
  2.24473718
  2.24505214
  2.24536515
  2.24567622
  2.24598538
  2.24629266
  2.24659808
  2.24690166
  2.24720343
  2.24750340
  2.24780159
  2.24809804
  2.24839275
  2.24868576
  2.24897707
  2.24926671
  2.24955470
  2.24984106
  2.25012580
  2.25040894
  2.25069051
  2.25097052
  2.25124899
  2.25152592
  2.25180135
  2.25207529
  2.25234775
  2.25261875
  2.25288831
  2.25315644
  2.25342315
  2.25368847
  2.25395240
  2.25421496
  2.25447616
  2.25473603
  2.25499457
  2.25525179
  2.25550771
  2.25576235
  2.25601571
  2.25626782
  2.25651867
  2.25676829
  2.25701668
  2.25726386
  2.25750984
  2.25775464
  2.25799825
  2.25824070
  2.25848200
  2.25872216
  2.25896118
  2.25919908
  2.25943587
  2.25967156
  2.25990616
  2.26013968
  2.26037214
  2.26060353
  2.26083387
  2.26106317
  2.26129144
  2.26151868
  2.26174492
  2.26197015
  2.26219439
  2.26241764
  2.26263991
  2.26286122
  2.26308156
  2.26330096
  2.26351941
  2.26373692
  2.26395351
  2.26416918
  2.26438394
  2.26459779
  2.26481075
  2.26502282
  2.26523401
  2.26544433
  2.26565378
  2.26586237
  2.26607011
  2.26627701
  2.26648306
  2.26668829
  2.26689269
  2.26709628
  2.26729905
  2.26750102
  2.26770219
  2.26790256
  2.26810216
  2.26830097
  2.26849901
  2.26869628
  2.26889279
  2.26908855
