  0.12095335
  0.25814705
  0.40222183
  0.55095537
  0.70325204
  0.85844976
  1.01610227
  1.17588722
  1.33756023
  1.50092936
  1.66583961
  1.83216311
  1.99979243
  2.16863604
  2.33861493
  2.50966017
  2.68171113
  2.85471396
  3.02862056
  3.20338769
  3.37897623
  3.55535061
  3.73247838
  3.91032976
  4.08887738
  4.26809592
  4.44796194
  4.62845368
  4.80955082
  4.99123442
  5.17348672
  5.35629106
  5.53963180
  5.72349416
  5.90786422
  6.09272881
  6.27807547
  6.46389237
  6.65016828
  6.83689252
  7.02405491
  7.21164577
  7.39965582
  7.58807622
  7.77689852
  7.96611461
  8.15571672
  8.34569739
  8.53604948
  8.72676611
  8.91784066
  9.10926677
  9.30103830
  9.49314934
  9.68559418
  9.87836733
 10.07146346
 10.26487743
 10.45860428
 10.65263919
 10.84697750
 11.04161470
 11.23654643
 11.43176844
 11.62727662
 11.82306696
 12.01913561
 12.21547878
 12.41209283
 12.60897418
 12.80611937
 13.00352504
 13.20118790
 13.39910475
 13.59727250
 13.79568809
 13.99434858
 14.19325108
 14.39239277
 14.59177091
 14.79138282
 14.99122589
 15.19129755
 15.39159531
 15.59211673
 15.79285943
 15.99382106
 16.19499934
 16.39639206
 16.59799701
 16.79981206
 17.00183512
 17.20406414
 17.40649711
 17.60913206
 17.81196707
 18.01500024
 18.21822972
 18.42165370
 18.62527040
 18.82907806
 19.03307498
 19.23725946
 19.44162987
 19.64618457
 19.85092199
 20.05584054
 20.26093871
 20.46621498
 20.67166787
 20.87729592
 21.08309771
 21.28907182
 21.49521688
 21.70153153
 21.90801442
 22.11466424
 22.32147971
 22.52845954
 22.73560248
 22.94290731
 23.15037281
 23.35799778
 23.56578106
 23.77372147
 23.98181789
 24.19006919
 24.39847426
 24.60703202
 24.81574139
 25.02460131
 25.23361075
 25.44276867
 25.65207407
 25.86152595
 26.07112331
 26.28086520
 26.49075066
 26.70077874
 26.91094851
 27.12125906
 27.33170947
 27.54229887
 27.75302636
 27.96389108
 28.17489217
 28.38602878
 28.59730007
 28.80870523
 29.02024343
 29.23191388
 29.44371577
 29.65564833
 29.86771079
 30.07990236
 30.29222231
 30.50466988
 30.71724435
 30.92994497
 31.14277103
 31.35572182
 31.56879664
 31.78199479
 31.99531559
 32.20875836
 32.42232243
 32.63600714
 32.84981182
 33.06373585
 33.27777857
 33.49193935
 33.70621756
 33.92061260
 34.13512383
 34.34975067
 34.56449251
 34.77934876
 34.99431882
 35.20940214
 35.42459812
 35.63990620
 35.85532582
 36.07085643
 36.28649747
 36.50224841
 36.71810869
 36.93407780
 37.15015520
 37.36634036
 37.58263278
 37.79903195
 38.01553734
 38.23214847
 38.44886484
 38.66568595
 38.88261132
 39.09964046
 39.31677291
 39.53400818
 39.75134580
 39.96878532
 40.18632627
 40.40396820
 40.62171066
 40.83955320
 41.05749537
 41.27553675
 41.49367689
 41.71191536
 41.93025175
 42.14868562
 42.36721656
 42.58584414
 42.80456797
 43.02338764
 43.24230273
 43.46131285
 43.68041760
 43.89961659
 44.11890942
 44.33829572
 44.55777510
 44.77734717
 44.99701157
 45.21676791
 45.43661583
 45.65655496
 45.87658493
 46.09670539
 46.31691598
 46.53721633
 46.75760611
 46.97808495
 47.19865252
 47.41930846
 47.64005245
 47.86088413
 48.08180318
 48.30280926
 48.52390204
 48.74508120
 48.96634641
 49.18769734
 49.40913368
 49.63065512
 49.85226132
 50.07395199
 50.29572682
 50.51758548
 50.73952769
 50.96155314
 51.18366152
 51.40585254
 51.62812591
 51.85048132
  0.00018923
  0.00091647
  0.00230620
  0.00443870
  0.00737599
  0.01116954
  0.01586371
  0.02149775
  0.02810704
  0.03572384
  0.04437792
  0.05409696
  0.06490687
  0.07683203
  0.08989550
  0.10411917
  0.11952391
  0.13612965
  0.15395549
  0.17301979
  0.19334019
  0.21493375
  0.23781690
  0.26200558
  0.28751521
  0.31436076
  0.34255677
  0.37211739
  0.40305637
  0.43538714
  0.46912279
  0.50427607
  0.54085947
  0.57888520
  0.61836517
  0.65931108
  0.70173436
  0.74564624
  0.79105770
  0.83797954
  0.88642235
  0.93639653
  0.98791229
  1.04097969
  1.09560860
  1.15180873
  1.20958964
  1.26896075
  1.32993132
  1.39251048
  1.45670723
  1.52253042
  1.58998880
  1.65909099
  1.72984549
  1.80226069
  1.87634486
  1.95210619
  2.02955273
  2.10869247
  2.18953326
  2.27208290
  2.35634906
  2.44233934
  2.53006125
  2.61952222
  2.71072959
  2.80369063
  2.89841251
  2.99490235
  3.09316718
  3.19321397
  3.29504960
  3.39868090
  3.50411462
  3.61135746
  3.72041603
  3.83129691
  3.94400659
  4.05855151
  4.17493805
  4.29317255
  4.41326126
  4.53521040
  4.65902614
  4.78471457
  4.91228175
  5.04173369
  5.17307634
  5.30631561
  5.44145734
  5.57850736
  5.71747143
  5.85835527
  6.00116454
  6.14590489
  6.29258190
  6.44120112
  6.59176806
  6.74428817
  6.89876689
  7.05520960
  7.21362164
  7.37400833
  7.53637495
  7.70072671
  7.86706883
  8.03540648
  8.20574477
  8.37808880
  8.55244364
  8.72881432
  8.90720583
  9.08762313
  9.27007115
  9.45455481
  9.64107896
  9.82964844
 10.02026807
 10.21294263
 10.40767686
 10.60447550
 10.80334322
 11.00428471
 11.20730460
 11.41240750
 11.61959800
 11.82888066
 12.04026001
 12.25374056
 12.46932679
 12.68702316
 12.90683411
 13.12876403
 13.35281733
 13.57899835
 13.80731144
 14.03776091
 14.27035105
 14.50508614
 14.74197042
 14.98100811
 15.22220343
 15.46556055
 15.71108364
 15.95877684
 16.20864426
 16.46069000
 16.71491816
 16.97133277
 17.22993790
 17.49073755
 17.75373573
 18.01893641
 18.28634357
 18.55596115
 18.82779307
 19.10184325
 19.37811557
 19.65661390
 19.93734211
 20.22030402
 20.50550347
 20.79294424
 21.08263013
 21.37456491
 21.66875234
 21.96519614
 22.26390004
 22.56486774
 22.86810294
 23.17360931
 23.48139049
 23.79145015
 24.10379190
 24.41841935
 24.73533610
 25.05454575
 25.37605184
 25.69985794
 26.02596758
 26.35438430
 26.68511159
 27.01815297
 27.35351190
 27.69119186
 28.03119631
 28.37352869
 28.71819242
 29.06519092
 29.41452760
 29.76620585
 30.12022903
 30.47660053
 30.83532368
 31.19640182
 31.55983829
 31.92563640
 32.29379945
 32.66433073
 33.03723352
 33.41251109
 33.79016668
 34.17020355
 34.55262493
 34.93743403
 35.32463406
 35.71422823
 36.10621972
 36.50061169
 36.89740733
 37.29660978
 37.69822218
 38.10224767
 38.50868936
 38.91755037
 39.32883380
 39.74254274
 40.15868026
 40.57724944
 40.99825334
 41.42169501
 41.84757747
 42.27590377
 42.70667693
 43.13989995
 43.57557583
 44.01370757
 44.45429814
 44.89735051
 45.34286766
 45.79085253
 46.24130806
 46.69423719
 47.14964285
 47.60752794
 48.06789539
 48.53074808
 48.99608891
 49.46392076
 49.93424649
 50.40706898
 50.88239108
 51.36021563
 51.84054547
 52.32338343
 52.80873234
 53.29659500
 53.78697422
 54.27987279
 54.77529351
 55.27323916
 55.77371250
 56.27671630
 56.78225332
  0.12741963
  0.25013358
  0.37113198
  0.49102958
  0.61011525
  0.72855784
  0.84646832
  0.96392517
  1.08098686
  1.19769860
  1.31409641
  1.43020964
  1.54606268
  1.66167609
  1.77706748
  1.89225206
  2.00724309
  2.12205228
  2.23669000
  2.35116553
  2.46548719
  2.57966251
  2.69369831
  2.80760084
  2.92137579
  3.03502840
  3.14856350
  3.26198557
  3.37529874
  3.48850688
  3.60161358
  3.71462219
  3.82753587
  3.94035757
  4.05309007
  4.16573598
  4.27829778
  4.39077780
  4.50317824
  4.61550121
  4.72774868
  4.83992256
  4.95202464
  5.06405664
  5.17602019
  5.28791685
  5.39974812
  5.51151542
  5.62322012
  5.73486354
  5.84644694
  5.95797151
  6.06943843
  6.18084880
  6.29220371
  6.40350419
  6.51475124
  6.62594582
  6.73708886
  6.84818126
  6.95922388
  7.07021756
  7.18116311
  7.29206132
  7.40291294
  7.51371872
  7.62447935
  7.73519555
  7.84586797
  7.95649727
  8.06708408
  8.17762902
  8.28813268
  8.39859565
  8.50901848
  8.61940173
  8.72974593
  8.84005160
  8.95031926
  9.06054939
  9.17074247
  9.28089898
  9.39101937
  9.50110410
  9.61115358
  9.72116827
  9.83114855
  9.94109486
 10.05100757
 10.16088708
 10.27073376
 10.38054799
 10.49033013
 10.60008054
 10.70979955
 10.81948751
 10.92914475
 11.03877160
 11.14836838
 11.25793539
 11.36747294
 11.47698134
 11.58646087
 11.69591182
 11.80533448
 11.91472912
 12.02409601
 12.13343542
 12.24274761
 12.35203284
 12.46129136
 12.57052342
 12.67972925
 12.78890910
 12.89806320
 13.00719178
 13.11629507
 13.22537329
 13.33442665
 13.44345538
 13.55245967
 13.66143975
 13.77039581
 13.87932805
 13.98823668
 14.09712187
 14.20598384
 14.31482276
 14.42363881
 14.53243219
 14.64120307
 14.74995162
 14.85867802
 14.96738245
 15.07606506
 15.18472603
 15.29336551
 15.40198368
 15.51058068
 15.61915668
 15.72771182
 15.83624627
 15.94476016
 16.05325366
 16.16172689
 16.27018002
 16.37861317
 16.48702649
 16.59542011
 16.70379417
 16.81214881
 16.92048416
 17.02880034
 17.13709749
 17.24537573
 17.35363518
 17.46187598
 17.57009825
 17.67830209
 17.78648764
 17.89465501
 18.00280432
 18.11093568
 18.21904920
 18.32714500
 18.43522318
 18.54328386
 18.65132713
 18.75935312
 18.86736192
 18.97535364
 19.08332838
 19.19128624
 19.29922733
 19.40715173
 19.51505955
 19.62295089
 19.73082584
 19.83868449
 19.94652694
 20.05435329
 20.16216362
 20.26995802
 20.37773658
 20.48549939
 20.59324654
 20.70097812
 20.80869421
 20.91639489
 21.02408025
 21.13175037
 21.23940533
 21.34704522
 21.45467012
 21.56228010
 21.66987524
 21.77745562
 21.88502131
 21.99257240
 22.10010896
 22.20763107
 22.31513879
 22.42263220
 22.53011137
 22.63757638
 22.74502729
 22.85246418
 22.95988711
 23.06729616
 23.17469139
 23.28207286
 23.38944066
 23.49679484
 23.60413547
 23.71146261
 23.81877632
 23.92607668
 24.03336375
 24.14063758
 24.24789825
 24.35514580
 24.46238031
 24.56960182
 24.67681041
 24.78400614
 24.89118905
 24.99835921
 25.10551668
 25.21266151
 25.31979376
 25.42691348
 25.53402074
 25.64111559
 25.74819807
 25.85526826
 25.96232619
 26.06937192
 26.17640551
 26.28342701
 26.39043647
 26.49743394
 26.60441948
 26.71139312
 26.81835493
 26.92530496
 27.03224324
 27.13916984
 27.24608480
 27.35298817
 27.45987999
 27.56676032
 27.67362920
 27.78048668
 27.88733280
 27.99416761
  0.70766142
  1.10953478
  1.44342128
  1.73962772
  2.01063775
  2.26312479
  2.50118126
  2.72754369
  2.94415510
  3.15245742
  3.35355772
  3.54832915
  3.73747570
  3.92157535
  4.10110996
  4.27648658
  4.44805300
  4.61610930
  4.78091668
  4.94270428
  5.10167452
  5.25800728
  5.41186339
  5.56338733
  5.71270952
  5.85994819
  6.00521093
  6.14859605
  6.29019361
  6.43008644
  6.56835090
  6.70505758
  6.84027192
  6.97405473
  7.10646261
  7.23754840
  7.36736148
  7.49594813
  7.62335176
  7.74961318
  7.87477083
  7.99886091
  8.12191765
  8.24397339
  8.36505874
  8.48520274
  8.60443293
  8.72277550
  8.84025534
  8.95689616
  9.07272056
  9.18775009
  9.30200535
  9.41550600
  9.52827087
  9.64031799
  9.75166461
  9.86232730
  9.97232193
 10.08166377
 10.19036747
 10.29844713
 10.40591631
 10.51278807
 10.61907499
 10.72478920
 10.82994238
 10.93454583
 11.03861044
 11.14214673
 11.24516488
 11.34767473
 11.44968579
 11.55120728
 11.65224810
 11.75281691
 11.85292207
 11.95257170
 12.05177367
 12.15053564
 12.24886500
 12.34676896
 12.44425453
 12.54132848
 12.63799744
 12.73426783
 12.83014589
 12.92563771
 13.02074920
 13.11548614
 13.20985412
 13.30385863
 13.39750498
 13.49079838
 13.58374388
 13.67634643
 13.76861084
 13.86054181
 13.95214394
 14.04342171
 14.13437948
 14.22502154
 14.31535206
 14.40537512
 14.49509470
 14.58451471
 14.67363895
 14.76247117
 14.85101499
 14.93927401
 15.02725169
 15.11495148
 15.20237671
 15.28953066
 15.37641654
 15.46303749
 15.54939661
 15.63549690
 15.72134133
 15.80693280
 15.89227415
 15.97736817
 16.06221760
 16.14682512
 16.23119336
 16.31532490
 16.39922228
 16.48288799
 16.56632447
 16.64953412
 16.73251929
 16.81528229
 16.89782540
 16.98015084
 17.06226081
 17.14415747
 17.22584292
 17.30731925
 17.38858851
 17.46965270
 17.55051381
 17.63117376
 17.71163449
 17.79189786
 17.87196573
 17.95183991
 18.03152220
 18.11101436
 18.19031812
 18.26943518
 18.34836724
 18.42711594
 18.50568291
 18.58406975
 18.66227804
 18.74030934
 18.81816517
 18.89584706
 18.97335647
 19.05069488
 19.12786373
 19.20486444
 19.28169841
 19.35836702
 19.43487163
 19.51121359
 19.58739421
 19.66341481
 19.73927666
 19.81498103
 19.89052918
 19.96592234
 20.04116172
 20.11624853
 20.19118394
 20.26596913
 20.34060525
 20.41509343
 20.48943479
 20.56363045
 20.63768150
 20.71158901
 20.78535405
 20.85897767
 20.93246091
 21.00580478
 21.07901032
 21.15207850
 21.22501032
 21.29780676
 21.37046877
 21.44299730
 21.51539330
 21.58765768
 21.65979138
 21.73179528
 21.80367028
 21.87541728
 21.94703713
 22.01853071
 22.08989886
 22.16114243
 22.23226225
 22.30325915
 22.37413393
 22.44488740
 22.51552036
 22.58603359
 22.65642786
 22.72670396
 22.79686263
 22.86690464
 22.93683071
 23.00664159
 23.07633800
 23.14592067
 23.21539029
 23.28474759
 23.35399324
 23.42312795
 23.49215238
 23.56106722
 23.62987314
 23.69857078
 23.76716080
 23.83564386
 23.90402058
 23.97229160
 24.04045755
 24.10851905
 24.17647670
 24.24433112
 24.31208291
 24.37973265
 24.44728095
 24.51472838
 24.58207552
 24.64932295
 24.71647122
 24.78352089
 24.85047253
 24.91732668
 24.98408389
 25.05074469
 25.11730962
 25.18377920
 25.25015396
 25.31643442
 25.38262109
 25.44871448
 25.51471509
 25.58062343
 25.64643998
 25.71216523
 25.77779968
  0.47756359
  0.81912875
  1.12310702
  1.40498966
  1.67150480
  1.92638062
  2.17196742
  2.40987261
  2.64125951
  2.86700589
  3.08779559
  3.30417514
  3.51659044
  3.72541161
  3.93095035
  4.13347241
  4.33320684
  4.53035289
  4.72508533
  4.91755859
  5.10791001
  5.29626248
  5.48272650
  5.66740197
  5.85037955
  6.03174189
  6.21156459
  6.38991707
  6.56686324
  6.74246213
  6.91676844
  7.08983292
  7.26170285
  7.43242230
  7.60203249
  7.77057202
  7.93807712
  8.10458186
  8.27011830
  8.43471670
  8.59840563
  8.76121212
  8.92316177
  9.08427887
  9.24458648
  9.40410652
  9.56285987
  9.72086640
  9.87814508
 10.03471402
 10.19059052
 10.34579114
 10.50033171
 10.65422743
 10.80749286
 10.96014196
 11.11218816
 11.26364436
 11.41452295
 11.56483588
 11.71459464
 11.86381031
 12.01249358
 12.16065475
 12.30830377
 12.45545024
 12.60210347
 12.74827242
 12.89396578
 13.03919196
 13.18395910
 13.32827509
 13.47214756
 13.61558394
 13.75859140
 13.90117693
 14.04334730
 14.18510908
 14.32646867
 14.46743228
 14.60800594
 14.74819553
 14.88800676
 15.02744520
 15.16651625
 15.30522520
 15.44357718
 15.58157719
 15.71923012
 15.85654072
 15.99351364
 16.13015340
 16.26646442
 16.40245102
 16.53811740
 16.67346768
 16.80850588
 16.94323592
 17.07766164
 17.21178679
 17.34561504
 17.47914998
 17.61239511
 17.74535387
 17.87802962
 18.01042564
 18.14254517
 18.27439135
 18.40596727
 18.53727595
 18.66832037
 18.79910343
 18.92962797
 19.05989678
 19.18991262
 19.31967815
 19.44919602
 19.57846880
 19.70749903
 19.83628921
 19.96484176
 20.09315910
 20.22124356
 20.34909747
 20.47672309
 20.60412264
 20.73129833
 20.85825230
 20.98498667
 21.11150351
 21.23780486
 21.36389274
 21.48976912
 21.61543594
 21.74089510
 21.86614850
 21.99119796
 22.11604531
 22.24069234
 22.36514081
 22.48939244
 22.61344894
 22.73731200
 22.86098325
 22.98446433
 23.10775684
 23.23086235
 23.35378242
 23.47651857
 23.59907232
 23.72144514
 23.84363850
 23.96565385
 24.08749259
 24.20915614
 24.33064587
 24.45196314
 24.57310929
 24.69408565
 24.81489352
 24.93553418
 25.05600890
 25.17631893
 25.29646551
 25.41644985
 25.53627315
 25.65593660
 25.77544137
 25.89478860
 26.01397944
 26.13301501
 26.25189642
 26.37062476
 26.48920111
 26.60762654
 26.72590211
 26.84402884
 26.96200777
 27.07983992
 27.19752628
 27.31506784
 27.43246557
 27.54972045
 27.66683343
 27.78380544
 27.90063743
 28.01733030
 28.13388496
 28.25030232
 28.36658326
 28.48272865
 28.59873937
 28.71461626
 28.83036018
 28.94597197
 29.06145244
 29.17680243
 29.29202273
 29.40711414
 29.52207746
 29.63691348
 29.75162295
 29.86620665
 29.98066534
 30.09499975
 30.20921064
 30.32329874
 30.43726476
 30.55110942
 30.66483345
 30.77843752
 30.89192235
 31.00528861
 31.11853699
 31.23166815
 31.34468278
 31.45758151
 31.57036501
 31.68303392
 31.79558888
 31.90803052
 32.02035947
 32.13257634
 32.24468176
 32.35667633
 32.46856064
 32.58033530
 32.69200090
 32.80355802
 32.91500724
 33.02634913
 33.13758425
 33.24871318
 33.35973646
 33.47065465
 33.58146830
 33.69217794
 33.80278411
 33.91328735
 34.02368817
 34.13398710
 34.24418465
 34.35428135
 34.46427768
 34.57417416
 34.68397129
 34.79366955
 34.90326943
 35.01277143
 35.12217601
 35.23148366
 35.34069485
 35.44981004
 35.55882970
 35.66775428
  4.41597279
  5.84774809
  6.89178958
  7.74374286
  8.47644998
  9.12629023
  9.71443977
 10.25446933
 10.75567396
 11.22473950
 11.66665921
 12.08527517
 12.48361615
 12.86411835
 13.22877481
 13.57923979
 13.91690376
 14.24294824
 14.55838698
 14.86409724
 15.16084403
 15.44929903
 15.73005571
 16.00364136
 16.27052693
 16.53113504
 16.78584655
 17.03500613
 17.27892680
 17.51789386
 17.75216815
 17.98198888
 18.20757603
 18.42913244
 18.64684559
 18.86088917
 19.07142446
 19.27860150
 19.48256018
 19.68343113
 19.88133658
 20.07639108
 20.26870214
 20.45837083
 20.64549231
 20.83015626
 21.01244736
 21.19244562
 21.37022678
 21.54586257
 21.71942102
 21.89096672
 22.06056106
 22.22826245
 22.39412648
 22.55820616
 22.72055203
 22.88121237
 23.04023329
 23.19765887
 23.35353134
 23.50789109
 23.66077686
 23.81222578
 23.96227351
 24.11095427
 24.25830093
 24.40434513
 24.54911728
 24.69264665
 24.83496144
 24.97608883
 25.11605500
 25.25488523
 25.39260390
 25.52923455
 25.66479994
 25.79932203
 25.93282209
 26.06532066
 26.19683765
 26.32739231
 26.45700328
 26.58568864
 26.71346590
 26.84035204
 26.96636352
 27.09151634
 27.21582600
 27.33930755
 27.46197563
 27.58384444
 27.70492780
 27.82523914
 27.94479151
 28.06359761
 28.18166981
 28.29902013
 28.41566029
 28.53160169
 28.64685544
 28.76143238
 28.87534305
 28.98859774
 29.10120649
 29.21317907
 29.32452503
 29.43525368
 29.54537412
 29.65489523
 29.76382566
 29.87217388
 29.97994816
 30.08715658
 30.19380704
 30.29990725
 30.40546477
 30.51048696
 30.61498105
 30.71895409
 30.82241300
 30.92536454
 31.02781531
 31.12977181
 31.23124036
 31.33222719
 31.43273837
 31.53277987
 31.63235752
 31.73147704
 31.83014405
 31.92836403
 32.02614238
 32.12348439
 32.22039523
 32.31687998
 32.41294364
 32.50859109
 32.60382714
 32.69865648
 32.79308376
 32.88711350
 32.98075016
 33.07399812
 33.16686167
 33.25934503
 33.35145235
 33.44318770
 33.53455507
 33.62555841
 33.71620156
 33.80648834
 33.89642246
 33.98600761
 34.07524738
 34.16414533
 34.25270494
 34.34092964
 34.42882281
 34.51638776
 34.60362777
 34.69054604
 34.77714574
 34.86342997
 34.94940180
 35.03506425
 35.12042028
 35.20547281
 35.29022472
 35.37467884
 35.45883796
 35.54270483
 35.62628214
 35.70957258
 35.79257875
 35.87530325
 35.95774862
 36.03991739
 36.12181201
 36.20343493
 36.28478855
 36.36587525
 36.44669735
 36.52725716
 36.60755695
 36.68759895
 36.76738538
 36.84691841
 36.92620018
 37.00523282
 37.08401841
 37.16255900
 37.24085665
 37.31891333
 37.39673105
 37.47431173
 37.55165733
 37.62876972
 37.70565079
 37.78230239
 37.85872635
 37.93492447
 38.01089853
 38.08665028
 38.16218147
 38.23749381
 38.31258898
 38.38746867
 38.46213452
 38.53658815
 38.61083118
 38.68486520
 38.75869178
 38.83231247
 38.90572880
 38.97894229
 39.05195443
 39.12476669
 39.19738055
 39.26979744
 39.34201878
 39.41404600
 39.48588047
 39.55752358
 39.62897669
 39.70024114
 39.77131826
 39.84220937
 39.91291577
 39.98343873
 40.05377954
 40.12393945
 40.19391969
 40.26372150
 40.33334609
 40.40279467
 40.47206841
 40.54116851
 40.61009611
 40.67885236
 40.74743842
 40.81585539
 40.88410440
 40.95218654
 41.02010290
 41.08785457
 41.15544260
 41.22286806
 41.29013198
 41.35723541
 41.42417935
 41.49096484
 41.55759286
 41.62406440
 41.69038046
 22.88228729
 25.47351719
 27.12326777
 28.35818245
 29.35464649
 30.19475365
 30.92378447
 31.56951221
 32.15026736
 32.67881757
 33.16443107
 33.61405991
 34.03305952
 34.42564745
 34.79520761
 35.14449853
 35.47580009
 35.79101940
 36.09176862
 36.37942354
 36.65516807
 36.92002876
 37.17490177
 37.42057435
 37.65774197
 37.88702220
 38.10896609
 38.32406747
 38.53277074
 38.73547726
 38.93255089
 39.12432249
 39.31109389
 39.49314122
 39.67071778
 39.84405650
 40.01337214
 40.17886309
 40.34071308
 40.49909255
 40.65415996
 40.80606287
 40.95493895
 41.10091684
 41.24411694
 41.38465212
 41.52262830
 41.65814509
 41.79129620
 41.92216998
 42.05084976
 42.17741430
 42.30193804
 42.42449150
 42.54514147
 42.66395134
 42.78098129
 42.89628852
 43.00992745
 43.12194988
 43.23240520
 43.34134047
 43.44880063
 43.55482861
 43.65946543
 43.76275033
 43.86472087
 43.96541302
 44.06486126
 44.16309866
 44.26015693
 44.35606656
 44.45085680
 44.54455579
 44.63719058
 44.72878722
 44.81937078
 44.90896539
 44.99759432
 45.08528003
 45.17204414
 45.25790754
 45.34289040
 45.42701220
 45.51029175
 45.59274726
 45.67439632
 45.75525594
 45.83534261
 45.91467227
 45.99326038
 46.07112189
 46.14827133
 46.22472274
 46.30048978
 46.37558568
 46.45002328
 46.52381506
 46.59697311
 46.66950921
 46.74143477
 46.81276092
 46.88349844
 46.95365784
 47.02324934
 47.09228287
 47.16076811
 47.22871449
 47.29613116
 47.36302707
 47.42941091
 47.49529117
 47.56067612
 47.62557380
 47.68999208
 47.75393862
 47.81742090
 47.88044622
 47.94302169
 48.00515427
 48.06685074
 48.12811773
 48.18896172
 48.24938902
 48.30940583
 48.36901817
 48.42823195
 48.48705294
 48.54548679
 48.60353902
 48.66121502
 48.71852008
 48.77545936
 48.83203793
 48.88826074
 48.94413264
 48.99965836
 49.05484257
 49.10968981
 49.16420453
 49.21839113
 49.27225386
 49.32579693
 49.37902446
 49.43194047
 49.48454891
 49.53685367
 49.58885854
 49.64056725
 49.69198346
 49.74311075
 49.79395266
 49.84451263
 49.89479405
 49.94480025
 49.99453451
 50.04400002
 50.09319994
 50.14213736
 50.19081532
 50.23923681
 50.28740475
 50.33532203
 50.38299147
 50.43041587
 50.47759794
 50.52454039
 50.57124584
 50.61771690
 50.66395612
 50.70996600
 50.75574903
 50.80130762
 50.84664416
 50.89176101
 50.93666047
 50.98134482
 51.02581629
 51.07007709
 51.11412938
 51.15797530
 51.20161694
 51.24505637
 51.28829563
 51.33133672
 51.37418160
 51.41683223
 51.45929051
 51.50155833
 51.54363754
 51.58552997
 51.62723743
 51.66876168
 51.71010448
 51.75126754
 51.79225256
 51.83306121
 51.87369516
 51.91415600
 51.95444536
 51.99456481
 52.03451591
 52.07430018
 52.11391914
 52.15337430
 52.19266711
 52.23179902
 52.27077148
 52.30958589
 52.34824364
 52.38674611
 52.42509465
 52.46329060
 52.50133528
 52.53922999
 52.57697602
 52.61457463
 52.65202708
 52.68933459
 52.72649839
 52.76351969
 52.80039966
 52.83713948
 52.87374031
 52.91020330
 52.94652956
 52.98272022
 53.01877637
 53.05469910
 53.09048949
 53.12614859
 53.16167745
 53.19707710
 53.23234857
 53.26749287
 53.30251098
 53.33740391
 53.37217261
 53.40681806
 53.44134119
 53.47574296
 53.51002428
 53.54418607
 53.57822925
 53.61215470
 53.64596332
 53.67965596
 53.71323351
 53.74669682
 53.78004672
 53.81328406
 53.84640967
 53.87942435
 53.91232892
 53.94512417
 39.46415426
 42.68621049
 44.69160302
 46.17133195
 47.35275576
 48.34045502
 49.19159852
 49.94099662
 50.61148320
 51.21887794
 51.77461050
 52.28721803
 52.76325185
 53.20785327
 53.62513405
 54.01843607
 54.39051363
 54.74366463
 55.07982688
 55.40065019
 55.70755118
 56.00175561
 56.28433144
 56.55621505
 56.81823215
 57.07111471
 57.31551475
 57.55201568
 57.78114164
 58.00336541
 58.21911486
 58.42877862
 58.63271068
 58.83123450
 59.02464640
 59.21321856
 59.39720160
 59.57682682
 59.75230813
 59.92384380
 60.09161791
 60.25580176
 60.41655497
 60.57402655
 60.72835584
 60.87967333
 61.02810138
 61.17375491
 61.31674201
 61.45716443
 61.59511812
 61.73069362
 61.86397651
 61.99504774
 62.12398395
 62.25085781
 62.37573827
 62.49869080
 62.61977766
 62.73905805
 62.85658839
 62.97242241
 63.08661136
 63.19920419
 63.31024761
 63.41978631
 63.52786302
 63.63451863
 63.73979233
 63.84372167
 63.94634265
 64.04768983
 64.14779639
 64.24669420
 64.34441389
 64.44098494
 64.53643569
 64.63079345
 64.72408449
 64.81633416
 64.90756688
 64.99780622
 65.08707490
 65.17539488
 65.26278736
 65.34927281
 65.43487103
 65.51960118
 65.60348176
 65.68653071
 65.76876536
 65.85020253
 65.93085848
 66.01074900
 66.08988938
 66.16829444
 66.24597858
 66.32295574
 66.39923949
 66.47484297
 66.54977897
 66.62405990
 66.69769783
 66.77070449
 66.84309127
 66.91486928
 66.98604930
 67.05664183
 67.12665710
 67.19610506
 67.26499540
 67.33333755
 67.40114073
 67.46841389
 67.53516578
 67.60140490
 67.66713958
 67.73237791
 67.79712780
 67.86139697
 67.92519295
 67.98852309
 68.05139456
 68.11381439
 68.17578941
 68.23732632
 68.29843165
 68.35911180
 68.41937300
 68.47922138
 68.53866289
 68.59770338
 68.65634856
 68.71460402
 68.77247523
 68.82996755
 68.88708621
 68.94383634
 69.00022296
 69.05625100
 69.11192527
 69.16725048
 69.22223127
 69.27687217
 69.33117761
 69.38515194
 69.43879943
 69.49212427
 69.54513055
 69.59782231
 69.65020347
 69.70227791
 69.75404943
 69.80552175
 69.85669853
 69.90758336
 69.95817975
 70.00849116
 70.05852099
 70.10827257
 70.15774917
 70.20695400
 70.25589022
 70.30456094
 70.35296919
 70.40111797
 70.44901023
 70.49664885
 70.54403667
 70.59117650
 70.63807106
 70.68472306
 70.73113516
 70.77730997
 70.82325004
 70.86895792
 70.91443607
 70.95968694
 71.00471294
 71.04951643
 71.09409973
 71.13846514
 71.18261491
 71.22655126
 71.27027637
 71.31379238
 71.35710142
 71.40020557
 71.44310689
 71.48580738
 71.52830904
 71.57061383
 71.61272368
 71.65464050
 71.69636614
 71.73790247
 71.77925130
 71.82041441
 71.86139359
 71.90219056
 71.94280703
 71.98324472
 72.02350526
 72.06359033
 72.10350152
 72.14324043
 72.18280865
 72.22220773
 72.26143919
 72.30050454
 72.33940528
 72.37814287
 72.41671877
 72.45513439
 72.49339116
 72.53149046
 72.56943367
 72.60722214
 72.64485720
 72.68234018
 72.71967238
 72.75685508
 72.79388955
 72.83077705
 72.86751880
 72.90411602
 72.94056993
 72.97688171
 73.01305253
 73.04908356
 73.08497594
 73.12073079
 73.15634924
 73.19183238
 73.22718131
 73.26239710
 73.29748082
 73.33243351
 73.36725621
 73.40194994
 73.43651573
 73.47095455
 73.50526742
 73.53945529
 73.57351914
 73.60745992
 73.64127856
 73.67497601
 73.70855319
 73.74201100
 73.77535033
 73.80857209
 73.84167715
 73.87466638
 73.90754063
