  0.05067182
  0.10298646
  0.15593965
  0.20931182
  0.26299772
  0.31693497
  0.37108214
  0.42540966
  0.47989537
  0.53452200
  0.58927571
  0.64414518
  0.69912095
  0.75419500
  0.80936048
  0.86461140
  0.91994254
  0.97534928
  1.03082751
  1.08637356
  1.14198410
  1.19765614
  1.25338692
  1.30917397
  1.36501499
  1.42090786
  1.47685064
  1.53284151
  1.58887881
  1.64496096
  1.70108650
  1.75725407
  1.81346238
  1.86971023
  1.92599647
  1.98232004
  2.03867991
  2.09507515
  2.15150482
  2.20796808
  2.26446410
  2.32099210
  2.37755133
  2.43414108
  2.49076069
  2.54740949
  2.60408688
  2.66079224
  2.71752503
  2.77428468
  2.83107067
  2.88788250
  2.94471969
  3.00158176
  3.05846827
  3.11537878
  3.17231287
  3.22927013
  3.28625019
  3.34325266
  3.40027717
  3.45732337
  3.51439092
  3.57147950
  3.62858877
  3.68571843
  3.74286817
  3.80003771
  3.85722675
  3.91443503
  3.97166227
  4.02890821
  4.08617260
  4.14345520
  4.20075575
  4.25807403
  4.31540982
  4.37276287
  4.43013299
  4.48751997
  4.54492358
  4.60234364
  4.65977994
  4.71723231
  4.77470054
  4.83218446
  4.88968389
  4.94719865
  5.00472858
  5.06227351
  5.11983327
  5.17740771
  5.23499667
  5.29259999
  5.35021754
  5.40784915
  5.46549470
  5.52315403
  5.58082702
  5.63851352
  5.69621341
  5.75392655
  5.81165282
  5.86939209
  5.92714425
  5.98490916
  6.04268672
  6.10047681
  6.15827932
  6.21609412
  6.27392113
  6.33176022
  6.38961129
  6.44747424
  6.50534896
  6.56323537
  6.62113335
  6.67904281
  6.73696366
  6.79489580
  6.85283914
  6.91079360
  6.96875907
  7.02673548
  7.08472274
  7.14272076
  7.20072946
  7.25874875
  7.31677857
  7.37481882
  7.43286942
  7.49093031
  7.54900141
  7.60708264
  7.66517392
  7.72327518
  7.78138636
  7.83950738
  7.89763817
  7.95577866
  8.01392879
  8.07208849
  8.13025769
  8.18843633
  8.24662434
  8.30482166
  8.36302823
  8.42124399
  8.47946887
  8.53770282
  8.59594577
  8.65419768
  8.71245847
  8.77072811
  8.82900652
  8.88729365
  8.94558945
  9.00389387
  9.06220684
  9.12052833
  9.17885828
  9.23719663
  9.29554333
  9.35389834
  9.41226160
  9.47063307
  9.52901270
  9.58740044
  9.64579625
  9.70420007
  9.76261186
  9.82103157
  9.87945917
  9.93789460
  9.99633782
 10.05478880
 10.11324747
 10.17171381
 10.23018777
 10.28866931
 10.34715839
 10.40565496
 10.46415899
 10.52267044
 10.58118926
 10.63971543
 10.69824889
 10.75678962
 10.81533757
 10.87389271
 10.93245499
 10.99102440
 11.04960087
 11.10818439
 11.16677492
 11.22537242
 11.28397685
 11.34258819
 11.40120639
 11.45983142
 11.51846326
 11.57710187
 11.63574721
 11.69439925
 11.75305796
 11.81172331
 11.87039527
 11.92907381
 11.98775889
 12.04645048
 12.10514856
 12.16385309
 12.22256405
 12.28128140
 12.34000511
 12.39873517
 12.45747153
 12.51621417
 12.57496307
 12.63371818
 12.69247950
 12.75124698
 12.81002060
 12.86880034
 12.92758616
 12.98637805
 13.04517598
 13.10397991
 13.16278982
 13.22160570
 13.28042750
 13.33925522
 13.39808882
 13.45692827
 13.51577356
 13.57462466
 13.63348154
 13.69234419
 13.75121257
 13.81008667
 13.86896646
 13.92785192
 13.98674302
 14.04563975
 14.10454207
 14.16344998
 14.22236343
 14.28128243
 14.34020693
 14.39913693
 14.45807239
 14.51701330
 14.57595964
 14.63491138
 14.69386851
  0.00484123
  0.01263106
  0.02213437
  0.03295518
  0.04487471
  0.05774991
  0.07147830
  0.08598205
  0.10119962
  0.11708082
  0.13358379
  0.15067298
  0.16831770
  0.18649117
  0.20516974
  0.22433234
  0.24396008
  0.26403588
  0.28454420
  0.30547087
  0.32680285
  0.34852813
  0.37063557
  0.39311485
  0.41595632
  0.43915099
  0.46269042
  0.48656666
  0.51077226
  0.53530016
  0.56014369
  0.58529654
  0.61075270
  0.63650649
  0.66255246
  0.68888545
  0.71550050
  0.74239291
  0.76955813
  0.79699184
  0.82468988
  0.85264826
  0.88086313
  0.90933081
  0.93804772
  0.96701045
  0.99621569
  1.02566023
  1.05534100
  1.08525501
  1.11539937
  1.14577129
  1.17636807
  1.20718706
  1.23822574
  1.26948162
  1.30095231
  1.33263547
  1.36452885
  1.39663023
  1.42893748
  1.46144850
  1.49416126
  1.52707379
  1.56018415
  1.59349045
  1.62699088
  1.66068362
  1.69456694
  1.72863913
  1.76289852
  1.79734347
  1.83197240
  1.86678375
  1.90177600
  1.93694765
  1.97229724
  2.00782335
  2.04352457
  2.07939955
  2.11544693
  2.15166540
  2.18805367
  2.22461048
  2.26133459
  2.29822477
  2.33527985
  2.37249864
  2.40988000
  2.44742280
  2.48512593
  2.52298830
  2.56100884
  2.59918651
  2.63752026
  2.67600909
  2.71465200
  2.75344800
  2.79239614
  2.83149545
  2.87074501
  2.91014390
  2.94969122
  2.98938607
  3.02922758
  3.06921488
  3.10934713
  3.14962349
  3.19004314
  3.23060526
  3.27130905
  3.31215373
  3.35313851
  3.39426264
  3.43552536
  3.47692593
  3.51846360
  3.56013766
  3.60194739
  3.64389209
  3.68597107
  3.72818364
  3.77052911
  3.81300684
  3.85561615
  3.89835640
  3.94122695
  3.98422716
  4.02735640
  4.07061407
  4.11399954
  4.15751222
  4.20115152
  4.24491684
  4.28880760
  4.33282323
  4.37696317
  4.42122685
  4.46561372
  4.51012323
  4.55475484
  4.59950802
  4.64438224
  4.68937698
  4.73449172
  4.77972594
  4.82507915
  4.87055084
  4.91614052
  4.96184771
  5.00767191
  5.05361265
  5.09966945
  5.14584186
  5.19212939
  5.23853161
  5.28504804
  5.33167825
  5.37842179
  5.42527821
  5.47224709
  5.51932799
  5.56652049
  5.61382416
  5.66123858
  5.70876334
  5.75639803
  5.80414225
  5.85199559
  5.89995765
  5.94802803
  5.99620636
  6.04449223
  6.09288527
  6.14138510
  6.18999134
  6.23870361
  6.28752154
  6.33644478
  6.38547296
  6.43460571
  6.48384268
  6.53318352
  6.58262788
  6.63217541
  6.68182576
  6.73157860
  6.78143358
  6.83139038
  6.88144865
  6.93160807
  6.98186832
  7.03222906
  7.08268998
  7.13325076
  7.18391108
  7.23467063
  7.28552910
  7.33648617
  7.38754156
  7.43869494
  7.48994602
  7.54129450
  7.59274009
  7.64428249
  7.69592141
  7.74765656
  7.79948765
  7.85141441
  7.90343654
  7.95555377
  8.00776582
  8.06007241
  8.11247326
  8.16496812
  8.21755670
  8.27023875
  8.32301398
  8.37588215
  8.42884299
  8.48189623
  8.53504163
  8.58827891
  8.64160784
  8.69502816
  8.74853961
  8.80214195
  8.85583494
  8.90961831
  8.96349185
  9.01745529
  9.07150840
  9.12565094
  9.17988268
  9.23420338
  9.28861280
  9.34311072
  9.39769691
  9.45237112
  9.50713315
  9.56198276
  9.61691972
  9.67194383
  9.72705484
  9.78225255
  9.83753674
  9.89290718
  9.94836367
 10.00390599
 10.05953392
 10.11524727
 10.17104580
 10.22692933
 10.28289763
 10.33895051
  0.23122561
  0.36537000
  0.47748876
  0.57733760
  0.66895356
  0.75450150
  0.83531216
  0.91227714
  0.98603056
  1.05704366
  1.12567872
  1.19222181
  1.25690378
  1.31991437
  1.38141190
  1.44153021
  1.50038373
  1.55807130
  1.61467897
  1.67028230
  1.72494807
  1.77873565
  1.83169818
  1.88388338
  1.93533438
  1.98609028
  2.03618669
  2.08565615
  2.13452850
  2.18283117
  2.23058947
  2.27782681
  2.32456491
  2.37082393
  2.41662266
  2.46197864
  2.50690829
  2.55142698
  2.59554912
  2.63928830
  2.68265729
  2.72566814
  2.76833223
  2.81066033
  2.85266263
  2.89434880
  2.93572801
  2.97680899
  3.01760002
  3.05810903
  3.09834353
  3.13831071
  3.17801745
  3.21747031
  3.25667557
  3.29563924
  3.33436708
  3.37286463
  3.41113719
  3.44918985
  3.48702752
  3.52465490
  3.56207652
  3.59929676
  3.63631980
  3.67314972
  3.70979042
  3.74624568
  3.78251914
  3.81861432
  3.85453463
  3.89028336
  3.92586369
  3.96127872
  3.99653142
  4.03162469
  4.06656134
  4.10134409
  4.13597556
  4.17045833
  4.20479488
  4.23898763
  4.27303891
  4.30695101
  4.34072614
  4.37436646
  4.40787407
  4.44125100
  4.47449924
  4.50762072
  4.54061734
  4.57349091
  4.60624324
  4.63887607
  4.67139109
  4.70378997
  4.73607432
  4.76824573
  4.80030573
  4.83225583
  4.86409750
  4.89583217
  4.92746126
  4.95898613
  4.99040811
  5.02172853
  5.05294867
  5.08406977
  5.11509307
  5.14601976
  5.17685103
  5.20758801
  5.23823184
  5.26878362
  5.29924444
  5.32961534
  5.35989736
  5.39009153
  5.42019884
  5.45022026
  5.48015675
  5.51000926
  5.53977870
  5.56946597
  5.59907197
  5.62859757
  5.65804361
  5.68741094
  5.71670037
  5.74591272
  5.77504878
  5.80410934
  5.83309514
  5.86200696
  5.89084552
  5.91961155
  5.94830577
  5.97692887
  6.00548156
  6.03396449
  6.06237835
  6.09072379
  6.11900145
  6.14721197
  6.17535597
  6.20343406
  6.23144685
  6.25939494
  6.28727890
  6.31509932
  6.34285676
  6.37055178
  6.39818494
  6.42575676
  6.45326778
  6.48071854
  6.50810954
  6.53544130
  6.56271431
  6.58992908
  6.61708608
  6.64418580
  6.67122872
  6.69821530
  6.72514599
  6.75202126
  6.77884155
  6.80560730
  6.83231894
  6.85897691
  6.88558162
  6.91213349
  6.93863294
  6.96508037
  6.99147618
  7.01782076
  7.04411451
  7.07035780
  7.09655103
  7.12269455
  7.14878875
  7.17483399
  7.20083062
  7.22677901
  7.25267950
  7.27853244
  7.30433818
  7.33009704
  7.35580937
  7.38147549
  7.40709573
  7.43267042
  7.45819986
  7.48368438
  7.50912428
  7.53451986
  7.55987144
  7.58517931
  7.61044377
  7.63566510
  7.66084361
  7.68597956
  7.71107325
  7.73612495
  7.76113494
  7.78610350
  7.81103088
  7.83591736
  7.86076320
  7.88556866
  7.91033399
  7.93505946
  7.95974532
  7.98439180
  8.00899917
  8.03356766
  8.05809752
  8.08258897
  8.10704227
  8.13145763
  8.15583530
  8.18017550
  8.20447846
  8.22874440
  8.25297353
  8.27716609
  8.30132229
  8.32544234
  8.34952645
  8.37357484
  8.39758771
  8.42156527
  8.44550772
  8.46941526
  8.49328810
  8.51712643
  8.54093044
  8.56470034
  8.58843631
  8.61213854
  8.63580722
  8.65944254
  8.68304468
  8.70661383
  8.73015016
  8.75365386
  8.77712511
  8.80056407
  8.82397092
  8.84734584
  8.87068900
  8.89400056
  8.91728070
  8.94052958
  8.96374736
  0.04441227
  0.09520477
  0.14872104
  0.20408659
  0.26086920
  0.31880723
  0.37772409
  0.43749210
  0.49801434
  0.55921466
  0.62103150
  0.68341405
  0.74631960
  0.80971173
  0.87355900
  0.93783396
  1.00251246
  1.06757303
  1.13299652
  1.19876566
  1.26486485
  1.33127990
  1.39799785
  1.46500682
  1.53229587
  1.59985488
  1.66767450
  1.73574601
  1.80406130
  1.87261279
  1.94139338
  2.01039640
  2.07961560
  2.14904506
  2.21867920
  2.28851276
  2.35854075
  2.42875842
  2.49916127
  2.56974504
  2.64050563
  2.71143917
  2.78254195
  2.85381041
  2.92524116
  2.99683096
  3.06857669
  3.14047536
  3.21252410
  3.28472014
  3.35706084
  3.42954364
  3.50216608
  3.57492579
  3.64782046
  3.72084790
  3.79400597
  3.86729261
  3.94070581
  4.01424364
  4.08790424
  4.16168578
  4.23558653
  4.30960476
  4.38373882
  4.45798712
  4.53234809
  4.60682022
  4.68140203
  4.75609210
  4.83088902
  4.90579145
  4.98079807
  5.05590758
  5.13111875
  5.20643034
  5.28184117
  5.35735007
  5.43295592
  5.50865761
  5.58445406
  5.66034421
  5.73632704
  5.81240155
  5.88856674
  5.96482166
  6.04116538
  6.11759696
  6.19411551
  6.27072015
  6.34741003
  6.42418429
  6.50104211
  6.57798268
  6.65500521
  6.73210892
  6.80929305
  6.88655686
  6.96389960
  7.04132057
  7.11881907
  7.19639438
  7.27404585
  7.35177281
  7.42957459
  7.50745057
  7.58540010
  7.66342257
  7.74151738
  7.81968392
  7.89792161
  7.97622987
  8.05460813
  8.13305584
  8.21157244
  8.29015740
  8.36881019
  8.44753028
  8.52631717
  8.60517034
  8.68408929
  8.76307355
  8.84212263
  8.92123605
  9.00041334
  9.07965405
  9.15895773
  9.23832392
  9.31775218
  9.39724209
  9.47679322
  9.55640514
  9.63607744
  9.71580971
  9.79560156
  9.87545257
  9.95536237
 10.03533056
 10.11535677
 10.19544061
 10.27558172
 10.35577973
 10.43603428
 10.51634501
 10.59671158
 10.67713364
 10.75761083
 10.83814284
 10.91872932
 10.99936994
 11.08006439
 11.16081233
 11.24161345
 11.32246745
 11.40337400
 11.48433280
 11.56534356
 11.64640598
 11.72751975
 11.80868460
 11.88990023
 11.97116635
 12.05248270
 12.13384898
 12.21526493
 12.29673028
 12.37824475
 12.45980809
 12.54142003
 12.62308031
 12.70478868
 12.78654488
 12.86834866
 12.95019978
 13.03209799
 13.11404304
 13.19603471
 13.27807274
 13.36015691
 13.44228699
 13.52446274
 13.60668394
 13.68895037
 13.77126179
 13.85361800
 13.93601876
 14.01846388
 14.10095313
 14.18348630
 14.26606318
 14.34868357
 14.43134726
 14.51405405
 14.59680374
 14.67959612
 14.76243101
 14.84530820
 14.92822750
 15.01118872
 15.09419168
 15.17723618
 15.26032203
 15.34344906
 15.42661708
 15.50982591
 15.59307537
 15.67636528
 15.75969547
 15.84306576
 15.92647598
 16.00992596
 16.09341553
 16.17694452
 16.26051276
 16.34412010
 16.42776636
 16.51145138
 16.59517501
 16.67893708
 16.76273743
 16.84657591
 16.93045237
 17.01436665
 17.09831859
 17.18230805
 17.26633487
 17.35039891
 17.43450002
 17.51863805
 17.60281286
 17.68702430
 17.77127224
 17.85555652
 17.93987701
 18.02423357
 18.10862606
 18.19305435
 18.27751829
 18.36201776
 18.44655261
 18.53112273
 18.61572797
 18.70036820
 18.78504330
 18.86975314
 18.95449758
 19.03927651
 19.12408979
 19.20893730
 19.29381893
 19.37873453
 19.46368400
 19.54866722
 19.63368405
 19.71873439
  0.05337817
  0.11595898
  0.18255850
  0.25190981
  0.32338193
  0.39659090
  0.47127651
  0.54724999
  0.62436767
  0.70251634
  0.78160434
  0.86155583
  0.94230696
  1.02380320
  1.10599738
  1.18884831
  1.27231965
  1.35637911
  1.44099778
  1.52614964
  1.61181112
  1.69796076
  1.78457897
  1.87164773
  1.95915047
  2.04707184
  2.13539764
  2.22411463
  2.31321048
  2.40267365
  2.49249333
  2.58265938
  2.67316223
  2.76399289
  2.85514284
  2.94660403
  3.03836883
  3.13043001
  3.22278068
  3.31541429
  3.40832460
  3.50150566
  3.59495179
  3.68865754
  3.78261771
  3.87682731
  3.97128156
  4.06597588
  4.16090584
  4.25606721
  4.35145591
  4.44706800
  4.54289970
  4.63894736
  4.73520744
  4.83167654
  4.92835138
  5.02522876
  5.12230561
  5.21957895
  5.31704589
  5.41470363
  5.51254946
  5.61058075
  5.70879495
  5.80718956
  5.90576219
  6.00451048
  6.10343217
  6.20252504
  6.30178692
  6.40121574
  6.50080943
  6.60056600
  6.70048353
  6.80056012
  6.90079391
  7.00118312
  7.10172598
  7.20242079
  7.30326586
  7.40425957
  7.50540031
  7.60668652
  7.70811669
  7.80968930
  7.91140291
  8.01325609
  8.11524744
  8.21737558
  8.31963919
  8.42203695
  8.52456756
  8.62722979
  8.73002238
  8.83294414
  8.93599387
  9.03917041
  9.14247263
  9.24589940
  9.34944963
  9.45312223
  9.55691616
  9.66083037
  9.76486385
  9.86901559
  9.97328461
 10.07766994
 10.18217064
 10.28678577
 10.39151442
 10.49635568
 10.60130867
 10.70637252
 10.81154637
 10.91682938
 11.02222071
 11.12771956
 11.23332512
 11.33903660
 11.44485322
 11.55077421
 11.65679883
 11.76292633
 11.86915598
 11.97548705
 12.08191885
 12.18845066
 12.29508181
 12.40181161
 12.50863940
 12.61556451
 12.72258630
 12.82970412
 12.93691735
 13.04422536
 13.15162754
 13.25912328
 13.36671198
 13.47439306
 13.58216594
 13.69003003
 13.79798478
 13.90602962
 14.01416401
 14.12238740
 14.23069925
 14.33909904
 14.44758623
 14.55616032
 14.66482079
 14.77356714
 14.88239886
 14.99131548
 15.10031650
 15.20940145
 15.31856984
 15.42782121
 15.53715510
 15.64657106
 15.75606862
 15.86564735
 15.97530679
 16.08504652
 16.19486611
 16.30476512
 16.41474314
 16.52479975
 16.63493453
 16.74514708
 16.85543700
 16.96580389
 17.07624735
 17.18676699
 17.29736243
 17.40803329
 17.51877918
 17.62959974
 17.74049460
 17.85146338
 17.96250573
 18.07362130
 18.18480971
 18.29607064
 18.40740372
 18.51880861
 18.63028498
 18.74183248
 18.85345079
 18.96513958
 19.07689850
 19.18872726
 19.30062551
 19.41259295
 19.52462927
 19.63673414
 19.74890726
 19.86114833
 19.97345705
 20.08583311
 20.19827622
 20.31078609
 20.42336242
 20.53600492
 20.64871331
 20.76148731
 20.87432663
 20.98723101
 21.10020015
 21.21323379
 21.32633166
 21.43949350
 21.55271902
 21.66600798
 21.77936011
 21.89277514
 22.00625284
 22.11979293
 22.23339517
 22.34705931
 22.46078510
 22.57457229
 22.68842064
 22.80232992
 22.91629987
 23.03033026
 23.14442086
 23.25857144
 23.37278175
 23.48705158
 23.60138068
 23.71576885
 23.83021585
 23.94472146
 24.05928546
 24.17390763
 24.28858775
 24.40332561
 24.51812100
 24.63297370
 24.74788350
 24.86285019
 24.97787357
 25.09295344
 25.20808958
 25.32328179
 25.43852988
 25.55383364
 25.66919288
 25.78460740
 25.90007700
 26.01560150
 26.13118070
 26.24681441
 26.36250243
  0.25472993
  0.48408485
  0.70474714
  0.91994742
  1.13117533
  1.33929065
  1.54485270
  1.74825397
  1.94978474
  2.14966824
  2.34808130
  2.54516740
  2.74104518
  2.93581436
  3.12955990
  3.32235500
  3.51426338
  3.70534099
  3.89563733
  4.08519652
  4.27405809
  4.46225766
  4.64982753
  4.83679706
  5.02319307
  5.20904018
  5.39436104
  5.57917655
  5.76350608
  5.94736760
  6.13077785
  6.31375245
  6.49630600
  6.67845219
  6.86020387
  7.04157314
  7.22257140
  7.40320940
  7.58349731
  7.76344477
  7.94306090
  8.12235439
  8.30133346
  8.48000597
  8.65837940
  8.83646087
  9.01425719
  9.19177488
  9.36902017
  9.54599901
  9.72271713
  9.89918001
 10.07539292
 10.25136092
 10.42708888
 10.60258149
 10.77784324
 10.95287849
 11.12769143
 11.30228611
 11.47666641
 11.65083613
 11.82479890
 11.99855825
 12.17211758
 12.34548021
 12.51864932
 12.69162803
 12.86441933
 13.03702614
 13.20945129
 13.38169752
 13.55376750
 13.72566382
 13.89738901
 14.06894550
 14.24033569
 14.41156188
 14.58262634
 14.75353127
 14.92427880
 15.09487102
 15.26530996
 15.43559760
 15.60573589
 15.77572669
 15.94557186
 16.11527319
 16.28483244
 16.45425131
 16.62353149
 16.79267460
 16.96168226
 17.13055601
 17.29929739
 17.46790790
 17.63638900
 17.80474212
 17.97296865
 18.14106999
 18.30904746
 18.47690239
 18.64463606
 18.81224974
 18.97974467
 19.14712205
 19.31438309
 19.48152895
 19.64856076
 19.81547967
 19.98228676
 20.14898311
 20.31556980
 20.48204786
 20.64841832
 20.81468217
 20.98084041
 21.14689400
 21.31284389
 21.47869103
 21.64443633
 21.81008070
 21.97562501
 22.14107015
 22.30641698
 22.47166633
 22.63681904
 22.80187592
 22.96683779
 23.13170542
 23.29647960
 23.46116109
 23.62575065
 23.79024902
 23.95465693
 24.11897510
 24.28320424
 24.44734504
 24.61139819
 24.77536437
 24.93924424
 25.10303847
 25.26674770
 25.43037256
 25.59391370
 25.75737172
 25.92074723
 26.08404085
 26.24725316
 26.41038476
 26.57343621
 26.73640808
 26.89930095
 27.06211536
 27.22485186
 27.38751099
 27.55009329
 27.71259927
 27.87502946
 28.03738437
 28.19966450
 28.36187035
 28.52400242
 28.68606119
 28.84804713
 29.00996073
 29.17180245
 29.33357276
 29.49527211
 29.65690094
 29.81845971
 29.97994886
 30.14136882
 30.30272001
 30.46400287
 30.62521782
 30.78636526
 30.94744560
 31.10845926
 31.26940663
 31.43028811
 31.59110408
 31.75185494
 31.91254106
 32.07316283
 32.23372061
 32.39421478
 32.55464570
 32.71501373
 32.87531923
 33.03556256
 33.19574406
 33.35586407
 33.51592295
 33.67592102
 33.83585863
 33.99573610
 34.15555376
 34.31531194
 34.47501096
 34.63465113
 34.79423277
 34.95375619
 35.11322170
 35.27262960
 35.43198019
 35.59127378
 35.75051066
 35.90969111
 36.06881544
 36.22788393
 36.38689686
 36.54585451
 36.70475717
 36.86360510
 37.02239858
 37.18113789
 37.33982328
 37.49845504
 37.65703341
 37.81555865
 37.97403104
 38.13245082
 38.29081824
 38.44913356
 38.60739702
 38.76560888
 38.92376937
 39.08187874
 39.23993723
 39.39794507
 39.55590250
 39.71380976
 39.87166707
 40.02947466
 40.18723276
 40.34494160
 40.50260140
 40.66021238
 40.81777476
 40.97528875
 41.13275458
 41.29017246
 41.44754259
 41.60486519
 41.76214046
 41.91936862
 42.07654987
 42.23368441
 42.39077243
 42.54781416
 42.70480977
 42.86175946
 43.01866344
 43.17552189
  2.16950403
  3.15665030
  3.93094514
  4.59295811
  5.18231288
  5.71956493
  6.21703283
  6.68280050
  7.12251715
  7.54031764
  7.93933801
  8.32202481
  8.69033103
  9.04584564
  9.38988235
  9.72354231
 10.04775952
 10.36333448
 10.67095955
 10.97123842
 11.26470135
 11.55181709
 11.83300249
 12.10863025
 12.37903521
 12.64451953
 12.90535706
 13.16179689
 13.41406638
 13.66237378
 13.90691037
 14.14785239
 14.38536260
 14.61959172
 14.85067963
 15.07875647
 15.30394352
 15.52635405
 15.74609405
 15.96326286
 16.17795373
 16.39025438
 16.60024740
 16.80801068
 17.01361779
 17.21713829
 17.41863803
 17.61817946
 17.81582183
 18.01162141
 18.20563174
 18.39790379
 18.58848611
 18.77742503
 18.96476477
 19.15054757
 19.33481384
 19.51760223
 19.69894979
 19.87889201
 20.05746293
 20.23469523
 20.41062030
 20.58526830
 20.75866825
 20.93084805
 21.10183460
 21.27165379
 21.44033058
 21.60788905
 21.77435243
 21.93974315
 22.10408289
 22.26739259
 22.42969248
 22.59100216
 22.75134058
 22.91072608
 23.06917644
 23.22670888
 23.38334010
 23.53908628
 23.69396312
 23.84798587
 24.00116932
 24.15352784
 24.30507538
 24.45582552
 24.60579143
 24.75498594
 24.90342152
 25.05111032
 25.19806414
 25.34429449
 25.48981257
 25.63462929
 25.77875528
 25.92220092
 26.06497630
 26.20709129
 26.34855549
 26.48937829
 26.62956883
 26.76913606
 26.90808870
 27.04643527
 27.18418410
 27.32134331
 27.45792087
 27.59392452
 27.72936188
 27.86424038
 27.99856726
 28.13234966
 28.26559451
 28.39830862
 28.53049866
 28.66217115
 28.79333248
 28.92398890
 29.05414653
 29.18381139
 29.31298935
 29.44168618
 29.56990753
 29.69765894
 29.82494583
 29.95177354
 30.07814730
 30.20407222
 30.32955333
 30.45459558
 30.57920380
 30.70338274
 30.82713707
 30.95047137
 31.07339014
 31.19589781
 31.31799869
 31.43969707
 31.56099713
 31.68190298
 31.80241866
 31.92254816
 32.04229537
 32.16166414
 32.28065825
 32.39928140
 32.51753724
 32.63542938
 32.75296134
 32.87013659
 32.98695856
 33.10343061
 33.21955605
 33.33533813
 33.45078006
 33.56588501
 33.68065607
 33.79509631
 33.90920873
 34.02299631
 34.13646197
 34.24960858
 34.36243897
 34.47495595
 34.58716226
 34.69906061
 34.81065367
 34.92194408
 35.03293442
 35.14362726
 35.25402511
 35.36413047
 35.47394577
 35.58347344
 35.69271585
 35.80167535
 35.91035427
 36.01875487
 36.12687943
 36.23473015
 36.34230923
 36.44961884
 36.55666111
 36.66343814
 36.76995201
 36.87620477
 36.98219845
 37.08793505
 37.19341653
 37.29864484
 37.40362191
 37.50834962
 37.61282986
 37.71706448
 37.82105529
 37.92480411
 38.02831271
 38.13158285
 38.23461627
 38.33741469
 38.43997980
 38.54231328
 38.64441678
 38.74629194
 38.84794037
 38.94936367
 39.05056342
 39.15154117
 39.25229846
 39.35283683
 39.45315777
 39.55326276
 39.65315329
 39.75283081
 39.85229675
 39.95155253
 40.05059956
 40.14943923
 40.24807291
 40.34650196
 40.44472772
 40.54275153
 40.64057469
 40.73819851
 40.83562427
 40.93285324
 41.02988668
 41.12672584
 41.22337195
 41.31982622
 41.41608986
 41.51216407
 41.60805002
 41.70374888
 41.79926180
 41.89458993
 41.98973441
 42.08469634
 42.17947685
 42.27407702
 42.36849794
 42.46274070
 42.55680635
 42.65069594
 42.74441052
 42.83795113
 42.93131878
 43.02451448
 43.11753925
 43.21039407
 43.30307993
 43.39559779
 43.48794863
  1.40617784
  2.04551497
  2.54690396
  2.97553507
  3.35708909
  3.70488712
  4.02691170
  4.32840096
  4.61301522
  4.88343350
  5.14168756
  5.38936245
  5.62772338
  5.85779972
  6.08044249
  6.29636501
  6.50617229
  6.71038286
  6.90944520
  7.10375034
  7.29364173
  7.47942299
  7.66136411
  7.83970650
  8.01466700
  8.18644134
  8.35520686
  8.52112489
  8.68434269
  8.84499511
  9.00320604
  9.15908961
  9.31275124
  9.46428852
  9.61379205
  9.76134610
  9.90702920
 10.05091472
 10.19307129
 10.33356323
 10.47245095
 10.60979123
 10.74563755
 10.88004036
 11.01304730
 11.14470340
 11.27505132
 11.40413148
 11.53198224
 11.65864006
 11.78413960
 11.90851385
 12.03179426
 12.15401082
 12.27519217
 12.39536565
 12.51455743
 12.63279255
 12.75009497
 12.86648769
 12.98199274
 13.09663129
 13.21042365
 13.32338937
 13.43554721
 13.54691525
 13.65751091
 13.76735094
 13.87645151
 13.98482820
 14.09249607
 14.19946963
 14.30576290
 14.41138946
 14.51636240
 14.62069441
 14.72439776
 14.82748432
 14.92996560
 15.03185276
 15.13315660
 15.23388759
 15.33405591
 15.43367142
 15.53274370
 15.63128205
 15.72929551
 15.82679286
 15.92378263
 16.02027313
 16.11627244
 16.21178840
 16.30682868
 16.40140070
 16.49551174
 16.58916884
 16.68237890
 16.77514863
 16.86748456
 16.95939308
 17.05088041
 17.14195262
 17.23261564
 17.32287525
 17.41273710
 17.50220671
 17.59128946
 17.67999063
 17.76831535
 17.85626865
 17.94385546
 18.03108058
 18.11794871
 18.20446446
 18.29063233
 18.37645672
 18.46194194
 18.54709222
 18.63191170
 18.71640441
 18.80057433
 18.88442535
 18.96796126
 19.05118581
 19.13410264
 19.21671536
 19.29902746
 19.38104240
 19.46276357
 19.54419427
 19.62533777
 19.70619726
 19.78677586
 19.86707667
 19.94710270
 20.02685691
 20.10634221
 20.18556147
 20.26451750
 20.34321305
 20.42165083
 20.49983352
 20.57776371
 20.65544400
 20.73287690
 20.81006491
 20.88701046
 20.96371596
 21.04018377
 21.11641622
 21.19241559
 21.26818414
 21.34372407
 21.41903757
 21.49412677
 21.56899378
 21.64364068
 21.71806952
 21.79228230
 21.86628100
 21.94006758
 22.01364395
 22.08701200
 22.16017360
 22.23313059
 22.30588476
 22.37843790
 22.45079176
 22.52294808
 22.59490855
 22.66667485
 22.73824865
 22.80963156
 22.88082521
 22.95183116
 23.02265100
 23.09328625
 23.16373844
 23.23400907
 23.30409961
 23.37401152
 23.44374625
 23.51330521
 23.58268980
 23.65190140
 23.72094137
 23.78981107
 23.85851181
 23.92704491
 23.99541166
 24.06361333
 24.13165119
 24.19952648
 24.26724042
 24.33479423
 24.40218911
 24.46942624
 24.53650678
 24.60343189
 24.67020271
 24.73682036
 24.80328595
 24.86960058
 24.93576533
 25.00178127
 25.06764947
 25.13337097
 25.19894679
 25.26437797
 25.32966551
 25.39481041
 25.45981365
 25.52467620
 25.58939904
 25.65398311
 25.71842935
 25.78273869
 25.84691205
 25.91095035
 25.97485448
 26.03862533
 26.10226377
 26.16577069
 26.22914693
 26.29239336
 26.35551080
 26.41850009
 26.48136206
 26.54409752
 26.60670727
 26.66919212
 26.73155284
 26.79379023
 26.85590504
 26.91789805
 26.97977001
 27.04152167
 27.10315376
 27.16466703
 27.22606220
 27.28733997
 27.34850107
 27.40954620
 27.47047605
 27.53129130
 27.59199266
 27.65258077
 27.71305633
 27.77341998
 27.83367239
 27.89381420
 27.95384605
 28.01376858
 28.07358243
 28.13328821
