  2.06941839
  2.17268903
  2.23547130
  2.28111320
  2.31715657
  2.34702851
  2.37258512
  2.39494809
  2.41484852
  2.43279014
  2.44913512
  2.46415278
  2.47804900
  2.49098475
  2.50308833
  2.51446370
  2.52519631
  2.53535723
  2.54500626
  2.55419420
  2.56296453
  2.57135484
  2.57939778
  2.58712194
  2.59455246
  2.60171162
  2.60861921
  2.61529290
  2.62174857
  2.62800049
  2.63406157
  2.63994353
  2.64565701
  2.65121173
  2.65661658
  2.66187971
  2.66700864
  2.67201026
  2.67689098
  2.68165670
  2.68631291
  2.69086471
  2.69531684
  2.69967372
  2.70393949
  2.70811803
  2.71221295
  2.71622764
  2.72016532
  2.72402898
  2.72782145
  2.73154540
  2.73520336
  2.73879770
  2.74233068
  2.74580443
  2.74922098
  2.75258226
  2.75589007
  2.75914617
  2.76235219
  2.76550972
  2.76862025
  2.77168520
  2.77470596
  2.77768380
  2.78062000
  2.78351572
  2.78637212
  2.78919029
  2.79197127
  2.79471607
  2.79742566
  2.80010095
  2.80274284
  2.80535217
  2.80792978
  2.81047645
  2.81299295
  2.81548000
  2.81793831
  2.82036857
  2.82277143
  2.82514751
  2.82749745
  2.82982182
  2.83212119
  2.83439612
  2.83664715
  2.83887477
  2.84107951
  2.84326183
  2.84542221
  2.84756110
  2.84967893
  2.85177614
  2.85385314
  2.85591032
  2.85794808
  2.85996679
  2.86196681
  2.86394851
  2.86591223
  2.86785830
  2.86978706
  2.87169880
  2.87359386
  2.87547251
  2.87733507
  2.87918180
  2.88101299
  2.88282891
  2.88462981
  2.88641595
  2.88818759
  2.88994497
  2.89168831
  2.89341785
  2.89513382
  2.89683644
  2.89852591
  2.90020245
  2.90186627
  2.90351755
  2.90515650
  2.90678330
  2.90839815
  2.91000121
  2.91159268
  2.91317271
  2.91474148
  2.91629916
  2.91784591
  2.91938188
  2.92090723
  2.92242211
  2.92392667
  2.92542105
  2.92690540
  2.92837986
  2.92984455
  2.93129962
  2.93274519
  2.93418140
  2.93560836
  2.93702620
  2.93843504
  2.93983499
  2.94122618
  2.94260872
  2.94398271
  2.94534827
  2.94670550
  2.94805451
  2.94939540
  2.95072827
  2.95205322
  2.95337035
  2.95467975
  2.95598151
  2.95727573
  2.95856250
  2.95984191
  2.96111403
  2.96237897
  2.96363680
  2.96488760
  2.96613146
  2.96736846
  2.96859867
  2.96982217
  2.97103903
  2.97224933
  2.97345315
  2.97465055
  2.97584161
  2.97702639
  2.97820496
  2.97937740
  2.98054376
  2.98170411
  2.98285852
  2.98400704
  2.98514974
  2.98628669
  2.98741793
  2.98854354
  2.98966356
  2.99077805
  2.99188708
  2.99299069
  2.99408895
  2.99518189
  2.99626959
  2.99735209
  2.99842943
  2.99950168
  3.00056888
  3.00163108
  3.00268833
  3.00374068
  3.00478817
  3.00583084
  3.00686876
  3.00790195
  3.00893047
  3.00995436
  3.01097366
  3.01198841
  3.01299866
  3.01400445
  3.01500581
  3.01600279
  3.01699543
  3.01798377
  3.01896784
  3.01994769
  3.02092334
  3.02189485
  3.02286223
  3.02382554
  3.02478481
  3.02574006
  3.02669134
  3.02763868
  3.02858212
  3.02952168
  3.03045740
  3.03138931
  3.03231745
  3.03324184
  3.03416252
  3.03507951
  3.03599286
  3.03690258
  3.03780871
  3.03871128
  3.03961031
  3.04050584
  3.04139789
  3.04228650
  3.04317168
  3.04405347
  3.04493189
  3.04580697
  3.04667873
  3.04754721
  3.04841242
  3.04927439
  3.05013316
  3.05098873
  3.05184114
  3.05269042
  3.05353657
  3.05437964
  2.40250552
  2.45590883
  2.48769637
  2.51049920
  2.52833029
  2.54299332
  2.55545707
  2.56630302
  2.57590803
  2.58453046
  2.59235526
  2.59951942
  2.60612730
  2.61226021
  2.61798279
  2.62334725
  2.62839640
  2.63316576
  2.63768516
  2.64197985
  2.64607146
  2.64997858
  2.65371739
  2.65730200
  2.66074480
  2.66405675
  2.66724759
  2.67032599
  2.67329972
  2.67617577
  2.67896045
  2.68165947
  2.68427803
  2.68682085
  2.68929227
  2.69169623
  2.69403639
  2.69631608
  2.69853842
  2.70070624
  2.70282222
  2.70488880
  2.70690827
  2.70888277
  2.71081429
  2.71270469
  2.71455570
  2.71636897
  2.71814602
  2.71988830
  2.72159716
  2.72327387
  2.72491965
  2.72653564
  2.72812290
  2.72968246
  2.73121529
  2.73272229
  2.73420435
  2.73566227
  2.73709686
  2.73850885
  2.73989896
  2.74126787
  2.74261622
  2.74394463
  2.74525370
  2.74654398
  2.74781601
  2.74907032
  2.75030740
  2.75152773
  2.75273174
  2.75391990
  2.75509261
  2.75625027
  2.75739328
  2.75852200
  2.75963680
  2.76073802
  2.76182598
  2.76290102
  2.76396344
  2.76501354
  2.76605160
  2.76707790
  2.76809271
  2.76909629
  2.77008889
  2.77107075
  2.77204209
  2.77300316
  2.77395417
  2.77489532
  2.77582683
  2.77674890
  2.77766171
  2.77856545
  2.77946031
  2.78034645
  2.78122406
  2.78209330
  2.78295432
  2.78380728
  2.78465234
  2.78548965
  2.78631934
  2.78714155
  2.78795643
  2.78876410
  2.78956469
  2.79035832
  2.79114513
  2.79192522
  2.79269871
  2.79346572
  2.79422635
  2.79498072
  2.79572892
  2.79647105
  2.79720722
  2.79793753
  2.79866206
  2.79938090
  2.80009416
  2.80080191
  2.80150425
  2.80220125
  2.80289300
  2.80357957
  2.80426105
  2.80493751
  2.80560903
  2.80627567
  2.80693752
  2.80759464
  2.80824709
  2.80889495
  2.80953828
  2.81017714
  2.81081160
  2.81144172
  2.81206755
  2.81268917
  2.81330661
  2.81391995
  2.81452923
  2.81513451
  2.81573585
  2.81633329
  2.81692688
  2.81751668
  2.81810274
  2.81868510
  2.81926381
  2.81983891
  2.82041046
  2.82097849
  2.82154305
  2.82210418
  2.82266193
  2.82321633
  2.82376743
  2.82431527
  2.82485988
  2.82540130
  2.82593958
  2.82647474
  2.82700683
  2.82753588
  2.82806192
  2.82858499
  2.82910513
  2.82962236
  2.83013672
  2.83064825
  2.83115697
  2.83166291
  2.83216611
  2.83266659
  2.83316439
  2.83365953
  2.83415205
  2.83464196
  2.83512931
  2.83561411
  2.83609639
  2.83657618
  2.83705351
  2.83752840
  2.83800087
  2.83847096
  2.83893868
  2.83940406
  2.83986712
  2.84032789
  2.84078639
  2.84124264
  2.84169666
  2.84214848
  2.84259812
  2.84304560
  2.84349093
  2.84393415
  2.84437527
  2.84481431
  2.84525129
  2.84568624
  2.84611916
  2.84655008
  2.84697902
  2.84740600
  2.84783103
  2.84825413
  2.84867532
  2.84909462
  2.84951204
  2.84992761
  2.85034133
  2.85075323
  2.85116332
  2.85157162
  2.85197814
  2.85238290
  2.85278591
  2.85318719
  2.85358676
  2.85398462
  2.85438080
  2.85477531
  2.85516816
  2.85555937
  2.85594894
  2.85633691
  2.85672327
  2.85710804
  2.85749123
  2.85787287
  2.85825295
  2.85863150
  2.85900852
  2.85938403
  2.85975805
  2.86013057
  2.86050162
  2.86087121
  2.86123934
  2.86160603
  2.86197130
  2.86233514
  2.86269758
  2.86305863
  2.86341829
  2.86377658
  2.86413350
  2.07999197
  2.17972497
  2.24026741
  2.28424004
  2.31894139
  2.34768542
  2.37226594
  2.39376649
  2.41289300
  2.43013171
  2.44583210
  2.46025398
  2.47359592
  2.48601311
  2.49762927
  2.50854458
  2.51884139
  2.52858819
  2.53784258
  2.54665348
  2.55506279
  2.56310668
  2.57081660
  2.57822007
  2.58534131
  2.59220173
  2.59882040
  2.60521432
  2.61139876
  2.61738745
  2.62319283
  2.62882615
  2.63429765
  2.63961668
  2.64479179
  2.64983082
  2.65474099
  2.65952895
  2.66420083
  2.66876231
  2.67321869
  2.67757484
  2.68183533
  2.68600442
  2.69008608
  2.69408403
  2.69800174
  2.70184249
  2.70560934
  2.70930518
  2.71293273
  2.71649455
  2.71999307
  2.72343057
  2.72680922
  2.73013107
  2.73339807
  2.73661205
  2.73977477
  2.74288790
  2.74595301
  2.74897163
  2.75194519
  2.75487506
  2.75776255
  2.76060891
  2.76341534
  2.76618298
  2.76891293
  2.77160623
  2.77426389
  2.77688688
  2.77947612
  2.78203249
  2.78455685
  2.78705002
  2.78951279
  2.79194591
  2.79435012
  2.79672612
  2.79907458
  2.80139616
  2.80369150
  2.80596119
  2.80820582
  2.81042597
  2.81262217
  2.81479496
  2.81694485
  2.81907233
  2.82117789
  2.82326198
  2.82532505
  2.82736754
  2.82938987
  2.83139244
  2.83337566
  2.83533991
  2.83728555
  2.83921296
  2.84112248
  2.84301445
  2.84488920
  2.84674706
  2.84858833
  2.85041332
  2.85222234
  2.85401565
  2.85579355
  2.85755630
  2.85930418
  2.86103743
  2.86275631
  2.86446107
  2.86615194
  2.86782916
  2.86949295
  2.87114353
  2.87278112
  2.87440593
  2.87601816
  2.87761801
  2.87920569
  2.88078137
  2.88234525
  2.88389751
  2.88543832
  2.88696786
  2.88848630
  2.88999380
  2.89149053
  2.89297664
  2.89445229
  2.89591763
  2.89737282
  2.89881798
  2.90025327
  2.90167883
  2.90309478
  2.90450127
  2.90589842
  2.90728636
  2.90866522
  2.91003512
  2.91139617
  2.91274851
  2.91409223
  2.91542745
  2.91675429
  2.91807285
  2.91938324
  2.92068557
  2.92197993
  2.92326642
  2.92454515
  2.92581621
  2.92707969
  2.92833570
  2.92958431
  2.93082562
  2.93205972
  2.93328669
  2.93450662
  2.93571959
  2.93692569
  2.93812499
  2.93931757
  2.94050350
  2.94168288
  2.94285577
  2.94402224
  2.94518237
  2.94633622
  2.94748387
  2.94862539
  2.94976085
  2.95089030
  2.95201382
  2.95313147
  2.95424331
  2.95534941
  2.95644982
  2.95754462
  2.95863384
  2.95971756
  2.96079584
  2.96186872
  2.96293626
  2.96399852
  2.96505556
  2.96610742
  2.96715416
  2.96819582
  2.96923247
  2.97026414
  2.97129090
  2.97231278
  2.97332983
  2.97434211
  2.97534966
  2.97635252
  2.97735073
  2.97834435
  2.97933342
  2.98031798
  2.98129806
  2.98227373
  2.98324500
  2.98421193
  2.98517456
  2.98613293
  2.98708706
  2.98803701
  2.98898281
  2.98992450
  2.99086212
  2.99179569
  2.99272526
  2.99365087
  2.99457254
  2.99549031
  2.99640422
  2.99731430
  2.99822058
  2.99912310
  3.00002189
  3.00091697
  3.00180838
  3.00269616
  3.00358033
  3.00446092
  3.00533797
  3.00621149
  3.00708153
  3.00794811
  3.00881126
  3.00967100
  3.01052737
  3.01138038
  3.01223008
  3.01307648
  3.01391962
  3.01475951
  3.01559618
  3.01642967
  3.01725998
  3.01808716
  3.01891122
  3.01973219
  3.02055008
  3.02136494
  3.02217677
  3.02298560
  3.02379146
  3.02459437
  2.17974939
  2.26499162
  2.31639220
  2.35356737
  2.38281304
  2.40697805
  2.42760037
  2.44560700
  2.46160081
  2.47599636
  2.48909124
  2.50110639
  2.51221046
  2.52253517
  2.53218539
  2.54124598
  2.54978662
  2.55786524
  2.56553052
  2.57282376
  2.57978033
  2.58643073
  2.59280147
  2.59891574
  2.60479393
  2.61045406
  2.61591216
  2.62118254
  2.62627801
  2.63121014
  2.63598933
  2.64062505
  2.64512589
  2.64949969
  2.65375362
  2.65789424
  2.66192760
  2.66585928
  2.66969440
  2.67343773
  2.67709368
  2.68066634
  2.68415954
  2.68757682
  2.69092150
  2.69419670
  2.69740532
  2.70055008
  2.70363355
  2.70665814
  2.70962611
  2.71253962
  2.71540066
  2.71821116
  2.72097292
  2.72368764
  2.72635696
  2.72898239
  2.73156540
  2.73410739
  2.73660966
  2.73907348
  2.74150004
  2.74389049
  2.74624591
  2.74856734
  2.75085578
  2.75311218
  2.75533745
  2.75753246
  2.75969805
  2.76183501
  2.76394412
  2.76602611
  2.76808169
  2.77011153
  2.77211631
  2.77409663
  2.77605312
  2.77798635
  2.77989689
  2.78178527
  2.78365203
  2.78549765
  2.78732264
  2.78912745
  2.79091255
  2.79267837
  2.79442534
  2.79615386
  2.79786433
  2.79955713
  2.80123265
  2.80289123
  2.80453322
  2.80615897
  2.80776880
  2.80936302
  2.81094196
  2.81250589
  2.81405513
  2.81558994
  2.81711060
  2.81861738
  2.82011053
  2.82159031
  2.82305696
  2.82451072
  2.82595181
  2.82738048
  2.82879692
  2.83020136
  2.83159401
  2.83297506
  2.83434472
  2.83570317
  2.83705060
  2.83838719
  2.83971313
  2.84102859
  2.84233373
  2.84362872
  2.84491372
  2.84618889
  2.84745438
  2.84871034
  2.84995693
  2.85119427
  2.85242252
  2.85364180
  2.85485226
  2.85605402
  2.85724721
  2.85843195
  2.85960837
  2.86077659
  2.86193672
  2.86308888
  2.86423318
  2.86536973
  2.86649864
  2.86762001
  2.86873394
  2.86984054
  2.87093990
  2.87203213
  2.87311731
  2.87419553
  2.87526690
  2.87633150
  2.87738941
  2.87844073
  2.87948553
  2.88052390
  2.88155592
  2.88258167
  2.88360123
  2.88461467
  2.88562207
  2.88662350
  2.88761904
  2.88860875
  2.88959271
  2.89057098
  2.89154364
  2.89251074
  2.89347235
  2.89442854
  2.89537937
  2.89632489
  2.89726518
  2.89820029
  2.89913027
  2.90005520
  2.90097511
  2.90189007
  2.90280013
  2.90370535
  2.90460578
  2.90550147
  2.90639247
  2.90727883
  2.90816061
  2.90903784
  2.90991058
  2.91077888
  2.91164277
  2.91250232
  2.91335755
  2.91420852
  2.91505527
  2.91589785
  2.91673629
  2.91757063
  2.91840092
  2.91922720
  2.92004951
  2.92086788
  2.92168236
  2.92249298
  2.92329978
  2.92410280
  2.92490207
  2.92569763
  2.92648951
  2.92727776
  2.92806239
  2.92884346
  2.92962098
  2.93039500
  2.93116555
  2.93193265
  2.93269634
  2.93345666
  2.93421362
  2.93496727
  2.93571762
  2.93646472
  2.93720859
  2.93794925
  2.93868674
  2.93942109
  2.94015232
  2.94088045
  2.94160553
  2.94232756
  2.94304658
  2.94376262
  2.94447570
  2.94518584
  2.94589307
  2.94659741
  2.94729889
  2.94799754
  2.94869337
  2.94938640
  2.95007667
  2.95076420
  2.95144899
  2.95213109
  2.95281051
  2.95348727
  2.95416139
  2.95483290
  2.95550182
  2.95616816
  2.95683194
  2.95749319
  2.95815193
  2.95880817
  2.95946194
  2.96011325
  2.96076213
  2.96140859
  2.96205264
  2.24123348
  2.34349647
  2.40546610
  2.45042551
  2.48587663
  2.51522269
  2.54030454
  2.56223352
  2.58173331
  2.59930220
  2.61529815
  2.62998726
  2.64357277
  2.65621355
  2.66803615
  2.67914309
  2.68961857
  2.69953263
  2.70894415
  2.71790314
  2.72645243
  2.73462896
  2.74246489
  2.74998830
  2.75722395
  2.76419370
  2.77091700
  2.77741125
  2.78369200
  2.78977329
  2.79566780
  2.80138702
  2.80694140
  2.81234048
  2.81759297
  2.82270689
  2.82768959
  2.83254784
  2.83728792
  2.84191561
  2.84643630
  2.85085498
  2.85517630
  2.85940460
  2.86354392
  2.86759806
  2.87157056
  2.87546476
  2.87928377
  2.88303055
  2.88670786
  2.89031831
  2.89386438
  2.89734839
  2.90077255
  2.90413895
  2.90744957
  2.91070628
  2.91391088
  2.91706506
  2.92017042
  2.92322852
  2.92624081
  2.92920869
  2.93213350
  2.93501651
  2.93785893
  2.94066193
  2.94342663
  2.94615409
  2.94884534
  2.95150135
  2.95412306
  2.95671139
  2.95926720
  2.96179132
  2.96428456
  2.96674768
  2.96918143
  2.97158653
  2.97396366
  2.97631348
  2.97863665
  2.98093378
  2.98320546
  2.98545227
  2.98767477
  2.98987350
  2.99204897
  2.99420169
  2.99633215
  2.99844081
  3.00052814
  3.00259457
  3.00464053
  3.00666645
  3.00867271
  3.01065972
  3.01262784
  3.01457745
  3.01650890
  3.01842255
  3.02031872
  3.02219774
  3.02405994
  3.02590561
  3.02773506
  3.02954859
  3.03134647
  3.03312899
  3.03489641
  3.03664899
  3.03838699
  3.04011066
  3.04182025
  3.04351598
  3.04519808
  3.04686679
  3.04852232
  3.05016489
  3.05179469
  3.05341194
  3.05501684
  3.05660958
  3.05819034
  3.05975931
  3.06131668
  3.06286261
  3.06439729
  3.06592087
  3.06743353
  3.06893543
  3.07042671
  3.07190754
  3.07337807
  3.07483844
  3.07628880
  3.07772929
  3.07916004
  3.08058119
  3.08199288
  3.08339524
  3.08478838
  3.08617243
  3.08754753
  3.08891378
  3.09027130
  3.09162021
  3.09296061
  3.09429263
  3.09561636
  3.09693192
  3.09823940
  3.09953892
  3.10083056
  3.10211443
  3.10339062
  3.10465922
  3.10592034
  3.10717406
  3.10842047
  3.10965965
  3.11089170
  3.11211670
  3.11333473
  3.11454587
  3.11575021
  3.11694781
  3.11813877
  3.11932315
  3.12050102
  3.12167248
  3.12283757
  3.12399638
  3.12514898
  3.12629543
  3.12743581
  3.12857017
  3.12969858
  3.13082111
  3.13193782
  3.13304878
  3.13415403
  3.13525365
  3.13634770
  3.13743622
  3.13851928
  3.13959694
  3.14066925
  3.14173626
  3.14279803
  3.14385461
  3.14490605
  3.14595241
  3.14699374
  3.14803008
  3.14906149
  3.15008801
  3.15110969
  3.15212657
  3.15313872
  3.15414616
  3.15514894
  3.15614712
  3.15714072
  3.15812981
  3.15911440
  3.16009456
  3.16107032
  3.16204173
  3.16300881
  3.16397162
  3.16493018
  3.16588454
  3.16683474
  3.16778082
  3.16872280
  3.16966073
  3.17059465
  3.17152458
  3.17245057
  3.17337264
  3.17429084
  3.17520519
  3.17611574
  3.17702250
  3.17792552
  3.17882482
  3.17972044
  3.18061241
  3.18150075
  3.18238551
  3.18326670
  3.18414437
  3.18501853
  3.18588921
  3.18675646
  3.18762028
  3.18848072
  3.18933779
  3.19019153
  3.19104196
  3.19188912
  3.19273301
  3.19357367
  3.19441113
  3.19524542
  3.19607654
  3.19690454
  3.19772943
  3.19855124
  3.19937000
  3.20018571
  3.20099842
  3.20180814
  2.06875781
  2.23245069
  2.33414529
  2.40909596
  2.46888566
  2.51883726
  2.56185840
  2.59971849
  2.63357761
  2.66423912
  2.69228324
  2.71814320
  2.74215135
  2.76456844
  2.78560294
  2.80542425
  2.82417196
  2.84196251
  2.85889405
  2.87505015
  2.89050255
  2.90531330
  2.91953647
  2.93321946
  2.94640405
  2.95912728
  2.97142214
  2.98331815
  2.99484180
  3.00601702
  3.01686545
  3.02740672
  3.03765875
  3.04763787
  3.05735907
  3.06683611
  3.07608165
  3.08510738
  3.09392411
  3.10254185
  3.11096991
  3.11921694
  3.12729099
  3.13519961
  3.14294982
  3.15054821
  3.15800096
  3.16531388
  3.17249242
  3.17954171
  3.18646661
  3.19327169
  3.19996125
  3.20653939
  3.21300998
  3.21937668
  3.22564297
  3.23181216
  3.23788738
  3.24387163
  3.24976775
  3.25557845
  3.26130631
  3.26695381
  3.27252331
  3.27801704
  3.28343718
  3.28878578
  3.29406481
  3.29927618
  3.30442170
  3.30950310
  3.31452207
  3.31948021
  3.32437906
  3.32922011
  3.33400479
  3.33873447
  3.34341048
  3.34803410
  3.35260656
  3.35712904
  3.36160269
  3.36602862
  3.37040790
  3.37474155
  3.37903057
  3.38327594
  3.38747858
  3.39163939
  3.39575925
  3.39983901
  3.40387949
  3.40788147
  3.41184574
  3.41577303
  3.41966408
  3.42351958
  3.42734022
  3.43112667
  3.43487955
  3.43859951
  3.44228714
  3.44594304
  3.44956778
  3.45316192
  3.45672601
  3.46026057
  3.46376611
  3.46724315
  3.47069216
  3.47411362
  3.47750800
  3.48087574
  3.48421729
  3.48753307
  3.49082351
  3.49408900
  3.49732996
  3.50054676
  3.50373979
  3.50690942
  3.51005600
  3.51317990
  3.51628145
  3.51936099
  3.52241885
  3.52545535
  3.52847081
  3.53146554
  3.53443982
  3.53739397
  3.54032826
  3.54324298
  3.54613840
  3.54901479
  3.55187242
  3.55471154
  3.55753240
  3.56033526
  3.56312036
  3.56588792
  3.56863820
  3.57137140
  3.57408776
  3.57678750
  3.57947083
  3.58213796
  3.58478909
  3.58742443
  3.59004419
  3.59264854
  3.59523768
  3.59781181
  3.60037110
  3.60291574
  3.60544589
  3.60796174
  3.61046346
  3.61295121
  3.61542516
  3.61788547
  3.62033230
  3.62276580
  3.62518613
  3.62759343
  3.62998787
  3.63236957
  3.63473869
  3.63709536
  3.63943972
  3.64177192
  3.64409207
  3.64640032
  3.64869678
  3.65098160
  3.65325489
  3.65551678
  3.65776738
  3.66000682
  3.66223521
  3.66445267
  3.66665931
  3.66885525
  3.67104058
  3.67321543
  3.67537989
  3.67753408
  3.67967809
  3.68181202
  3.68393598
  3.68605007
  3.68815437
  3.69024900
  3.69233403
  3.69440957
  3.69647570
  3.69853252
  3.70058012
  3.70261857
  3.70464797
  3.70666841
  3.70867996
  3.71068271
  3.71267674
  3.71466213
  3.71663896
  3.71860731
  3.72056725
  3.72251886
  3.72446222
  3.72639739
  3.72832446
  3.73024349
  3.73215456
  3.73405773
  3.73595307
  3.73784065
  3.73972054
  3.74159281
  3.74345752
  3.74531473
  3.74716451
  3.74900692
  3.75084202
  3.75266988
  3.75449055
  3.75630410
  3.75811058
  3.75991005
  3.76170257
  3.76348820
  3.76526699
  3.76703899
  3.76880427
  3.77056288
  3.77231486
  3.77406028
  3.77579918
  3.77753162
  3.77925764
  3.78097730
  3.78269064
  3.78439772
  3.78609859
  3.78779328
  3.78948186
  3.79116436
  3.79284083
  3.79451132
  3.79617588
  3.79783454
  3.79948735
  3.80113435
  3.80277560
  2.15253334
  2.37063970
  2.50832985
  2.61084578
  2.69323996
  2.76248744
  2.82242259
  2.87539084
  2.92293667
  2.96613365
  3.00575977
  3.04239766
  3.07649549
  3.10840576
  3.13841094
  3.16674105
  3.19358600
  3.21910447
  3.24343052
  3.26667841
  3.28894642
  3.31031967
  3.33087243
  3.35066991
  3.36976964
  3.38822271
  3.40607467
  3.42336630
  3.44013430
  3.45641177
  3.47222873
  3.48761244
  3.50258778
  3.51717746
  3.53140236
  3.54528161
  3.55883289
  3.57207250
  3.58501554
  3.59767600
  3.61006689
  3.62220032
  3.63408758
  3.64573923
  3.65716512
  3.66837451
  3.67937607
  3.69017797
  3.70078786
  3.71121299
  3.72146017
  3.73153583
  3.74144607
  3.75119664
  3.76079302
  3.77024036
  3.77954359
  3.78870738
  3.79773616
  3.80663417
  3.81540544
  3.82405379
  3.83258290
  3.84099627
  3.84929723
  3.85748898
  3.86557459
  3.87355697
  3.88143895
  3.88922321
  3.89691233
  3.90450879
  3.91201497
  3.91943316
  3.92676556
  3.93401428
  3.94118136
  3.94826877
  3.95527840
  3.96221206
  3.96907152
  3.97585846
  3.98257454
  3.98922132
  3.99580033
  4.00231306
  4.00876093
  4.01514531
  4.02146755
  4.02772894
  4.03393072
  4.04007412
  4.04616031
  4.05219043
  4.05816558
  4.06408683
  4.06995523
  4.07577178
  4.08153746
  4.08725323
  4.09292002
  4.09853871
  4.10411019
  4.10963529
  4.11511486
  4.12054969
  4.12594057
  4.13128825
  4.13659348
  4.14185698
  4.14707945
  4.15226158
  4.15740403
  4.16250746
  4.16757250
  4.17259977
  4.17758988
  4.18254340
  4.18746093
  4.19234301
  4.19719020
  4.20200302
  4.20678201
  4.21152768
  4.21624051
  4.22092100
  4.22556963
  4.23018685
  4.23477313
  4.23932891
  4.24385463
  4.24835070
  4.25281755
  4.25725558
  4.26166520
  4.26604679
  4.27040074
  4.27472741
  4.27902719
  4.28330041
  4.28754745
  4.29176864
  4.29596431
  4.30013481
  4.30428045
  4.30840156
  4.31249844
  4.31657140
  4.32062074
  4.32464675
  4.32864973
  4.33262996
  4.33658771
  4.34052325
  4.34443686
  4.34832880
  4.35219932
  4.35604867
  4.35987712
  4.36368489
  4.36747224
  4.37123939
  4.37498657
  4.37871402
  4.38242196
  4.38611060
  4.38978017
  4.39343087
  4.39706292
  4.40067651
  4.40427185
  4.40784914
  4.41140858
  4.41495034
  4.41847463
  4.42198163
  4.42547151
  4.42894447
  4.43240067
  4.43584029
  4.43926351
  4.44267048
  4.44606138
  4.44943636
  4.45279560
  4.45613924
  4.45946744
  4.46278036
  4.46607814
  4.46936094
  4.47262890
  4.47588216
  4.47912088
  4.48234518
  4.48555521
  4.48875110
  4.49193298
  4.49510099
  4.49825526
  4.50139592
  4.50452308
  4.50763689
  4.51073745
  4.51382490
  4.51689934
  4.51996091
  4.52300970
  4.52604585
  4.52906945
  4.53208063
  4.53507950
  4.53806615
  4.54104070
  4.54400326
  4.54695392
  4.54989280
  4.55281998
  4.55573558
  4.55863969
  4.56153241
  4.56441383
  4.56728405
  4.57014316
  4.57299126
  4.57582843
  4.57865477
  4.58147037
  4.58427531
  4.58706968
  4.58985357
  4.59262706
  4.59539023
  4.59814317
  4.60088596
  4.60361868
  4.60634140
  4.60905422
  4.61175720
  4.61445042
  4.61713396
  4.61980789
  4.62247229
  4.62512723
  4.62777278
  4.63040901
  4.63303600
  4.63565381
  4.63826252
  4.64086219
  4.64345288
  4.64603468
  4.64860763
  4.65117181
  4.65372728
  4.65627410
  2.32807367
  2.68966626
  2.92668865
  3.10742081
  3.25525865
  3.38125714
  3.49158466
  3.59006032
  3.67922484
  3.76086009
  3.83626746
  3.90642846
  3.97210290
  4.03389187
  4.09227967
  4.14766261
  4.20036943
  4.25067601
  4.29881636
  4.34499072
  4.38937193
  4.43211024
  4.47333717
  4.51316853
  4.55170685
  4.58904341
  4.62525981
  4.66042935
  4.69461809
  4.72788585
  4.76028692
  4.79187078
  4.82268264
  4.85276392
  4.88215271
  4.91088405
  4.93899032
  4.96650147
  4.99344528
  5.01984756
  5.04573233
  5.07112199
  5.09603747
  5.12049835
  5.14452298
  5.16812858
  5.19133133
  5.21414647
  5.23658835
  5.25867050
  5.28040573
  5.30180612
  5.32288312
  5.34364759
  5.36410983
  5.38427960
  5.40416621
  5.42377848
  5.44312485
  5.46221333
  5.48105157
  5.49964688
  5.51800623
  5.53613629
  5.55404345
  5.57173380
  5.58921321
  5.60648727
  5.62356137
  5.64044067
  5.65713013
  5.67363451
  5.68995840
  5.70610620
  5.72208215
  5.73789034
  5.75353470
  5.76901902
  5.78434696
  5.79952206
  5.81454771
  5.82942720
  5.84416373
  5.85876034
  5.87322003
  5.88754566
  5.90174000
  5.91580576
  5.92974554
  5.94356186
  5.95725717
  5.97083384
  5.98429418
  5.99764041
  6.01087470
  6.02399916
  6.03701582
  6.04992667
  6.06273364
  6.07543859
  6.08804335
  6.10054970
  6.11295934
  6.12527396
  6.13749518
  6.14962461
  6.16166377
  6.17361418
  6.18547731
  6.19725458
  6.20894738
  6.22055709
  6.23208501
  6.24353245
  6.25490066
  6.26619087
  6.27740429
  6.28854209
  6.29960540
  6.31059536
  6.32151304
  6.33235952
  6.34313585
  6.35384303
  6.36448206
  6.37505392
  6.38555956
  6.39599992
  6.40637589
  6.41668838
  6.42693825
  6.43712637
  6.44725356
  6.45732065
  6.46732843
  6.47727769
  6.48716920
  6.49700371
  6.50678196
  6.51650467
  6.52617256
  6.53578631
  6.54534662
  6.55485413
  6.56430952
  6.57371342
  6.58306647
  6.59236927
  6.60162244
  6.61082658
  6.61998227
  6.62909007
  6.63815056
  6.64716428
  6.65613179
  6.66505361
  6.67393026
  6.68276226
  6.69155012
  6.70029432
  6.70899537
  6.71765373
  6.72626988
  6.73484429
  6.74337740
  6.75186966
  6.76032152
  6.76873340
  6.77710574
  6.78543894
  6.79373343
  6.80198960
  6.81020786
  6.81838859
  6.82653219
  6.83463902
  6.84270947
  6.85074390
  6.85874267
  6.86670615
  6.87463467
  6.88252859
  6.89038825
  6.89821397
  6.90600610
  6.91376495
  6.92149084
  6.92918409
  6.93684502
  6.94447391
  6.95207109
  6.95963684
  6.96717146
  6.97467523
  6.98214844
  6.98959137
  6.99700430
  7.00438750
  7.01174123
  7.01906576
  7.02636136
  7.03362828
  7.04086677
  7.04807708
  7.05525947
  7.06241417
  7.06954143
  7.07664147
  7.08371455
  7.09076088
  7.09778070
  7.10477423
  7.11174169
  7.11868329
  7.12559927
  7.13248982
  7.13935517
  7.14619551
  7.15301106
  7.15980201
  7.16656856
  7.17331092
  7.18002928
  7.18672382
  7.19339475
  7.20004225
  7.20666650
  7.21326768
  7.21984598
  7.22640158
  7.23293465
  7.23944537
  7.24593391
  7.25240044
  7.25884513
  7.26526814
  7.27166964
  7.27804979
  7.28440876
  7.29074669
  7.29706375
  7.30336009
  7.30963587
  7.31589123
  7.32212633
  7.32834131
  7.33453633
  7.34071152
  7.34686702
  7.35300299
  7.35911955
  7.36521685
  7.37129503
  7.37735421
  7.38339454
