 99.99999999
 99.99999999
 99.99999997
 99.99999999
 99.99999995
 99.99999996
 99.99999993
 99.99999998
 99.99999980
 99.99999992
 99.99999985
 99.99999981
 99.99999941
 99.99999980
 99.99999978
 99.99999999
 99.99999997
 99.99999997
 99.99999995
 99.99999997
 99.99999994
 99.99999993
 99.99999993
 99.99999983
 99.99999964
 99.99999978
 99.99999980
 99.99999968
 99.99999964
 99.99999972
 99.99999984
 99.99999999
 99.99999996
 99.99999998
 99.99999995
 99.99999997
 99.99999988
 99.99999991
 99.99999986
 99.99999988
 99.99999970
 99.99999989
 99.99999976
 99.99999950
 99.99999941
 99.99999974
 99.99999952
 99.99999998
 99.99999995
 99.99999995
 99.99999994
 99.99999995
 99.99999988
 99.99999990
 99.99999989
 99.99999976
 99.99999962
 99.99999982
 99.99999980
 99.99999941
 99.99999941
 99.99999963
 99.99999981
 99.99999998
 99.99999941
 99.99999985
 99.99999974
 99.99999980
 99.99999957
 99.99999984
 99.99999981
 99.99999929
 99.99999800
 99.99999971
 99.99999950
 99.99999889
 99.99999833
 99.99999966
 99.99999964
 99.99999969
 99.99999917
 99.99999962
 99.99999974
 99.99999979
 99.99999974
 99.99999979
 99.99999988
 99.99999909
 99.99999889
 99.99999966
 99.99999962
 99.99999944
 99.99999944
 99.99999971
 99.99999988
 99.99999979
 99.99999933
 99.99999980
 99.99999960
 99.99999962
 99.99999889
 99.99999963
 99.99999973
 99.99999958
 99.99999667
 99.99999955
 99.99999958
 99.99999900
 99.99999750
 99.99999969
 99.99999974
 99.99999957
 99.99999889
 99.99999967
 99.99999977
 99.99999972
 99.99999952
 99.99999976
 99.99999983
 99.99999857
 99.99999800
 99.99999968
 99.99999971
 99.99999923
 99.99999889
 99.99999971
 99.99999988
 99.99999995
 99.99999960
 99.99999964
 99.99999947
 99.99999937
 99.99999909
 99.99999941
 99.99999909
 99.99999800
 99.99999800
 99.99999923
 99.99999857
 99.99999750
 99.99999000
 99.99999750
 99.99999833
 99.99999976
 99.99999947
 99.99999957
 99.99999974
 99.99999944
 99.99999900
 99.99999937
 99.99999955
 99.99999857
 99.99999875
 99.99999857
 99.99999833
 99.99999833
 99.99999500
 99.99999857
 99.99999952
 99.99999966
 99.99999900
 99.99999933
 99.99999937
 99.99999833
 99.99999750
 99.99999937
 99.99999857
 99.99999667
 99.99999750
 99.99999833
 99.99999750
 99.99999750
 99.99999750
 99.99999800
 99.99999667
 99.99999964
 99.99999955
 99.99999967
 99.99999977
 99.99999909
 99.99999857
 99.99999800
 99.99999947
 99.99999750
 99.99999833
 99.99999875
 99.99999929
 99.99999750
 99.99999750
 99.99999889
 99.99999929
 99.99999667
 99.99999667
 99.99999800
 99.99999875
 99.99999833
 99.99999500
 99.99999937
 99.99999900
 99.99999900
 99.99999500
 99.99999800
 99.99999750
 99.99999500
 99.99999500
 99.99999833
 99.99999937
 99.99999667
 99.99999000
 99.99999857
 99.99999900
 99.99999889
 99.99999833
 99.99999923
 99.99999971
 99.99999971
 99.99999800
 99.99999857
 99.99999941
 99.99999000
 99.99999800
 99.99999960
 99.99999982
 99.99999500
 99.99999000
 99.99999800
 99.99999667
 99.99999500
 99.99999000
 99.99999857
 99.99999875
 99.99999000
 99.99999000
 99.99999857
 99.99999875
 99.99999667
 99.99999500
 99.99999933
 99.99999750
 99.99999500
 99.99999750
 99.99999875
 99.99999900
 99.99999857
 99.99999833
 99.99999875
 99.99999958
 99.99999500
 99.99999000
 99.99999937
 99.99999941
 99.99999750
 99.99999909
 99.99999955
 99.99999982
 99.99999999
 99.99999999
 99.99999998
 99.99999999
 99.99999994
 99.99999996
 99.99999994
 99.99999998
 99.99999986
 99.99999994
 99.99999990
 99.99999984
 99.99999970
 99.99999987
 99.99999984
 99.99999999
 99.99999998
 99.99999998
 99.99999998
 99.99999996
 99.99999994
 99.99999995
 99.99999996
 99.99999990
 99.99999987
 99.99999993
 99.99999992
 99.99999982
 99.99999974
 99.99999991
 99.99999992
 99.99999999
 99.99999995
 99.99999998
 99.99999996
 99.99999990
 99.99999983
 99.99999990
 99.99999984
 99.99999992
 99.99999983
 99.99999994
 99.99999989
 99.99999970
 99.99999966
 99.99999986
 99.99999975
 99.99999998
 99.99999997
 99.99999998
 99.99999998
 99.99999990
 99.99999989
 99.99999993
 99.99999993
 99.99999992
 99.99999989
 99.99999995
 99.99999995
 99.99999963
 99.99999970
 99.99999991
 99.99999993
 99.99999998
 99.99999966
 99.99999990
 99.99999978
 99.99999983
 99.99999955
 99.99999990
 99.99999987
 99.99999975
 99.99999875
 99.99999989
 99.99999985
 99.99999966
 99.99999952
 99.99999989
 99.99999991
 99.99999981
 99.99999963
 99.99999988
 99.99999982
 99.99999981
 99.99999979
 99.99999992
 99.99999994
 99.99999963
 99.99999941
 99.99999990
 99.99999992
 99.99999971
 99.99999971
 99.99999993
 99.99999996
 99.99999973
 99.99999923
 99.99999984
 99.99999968
 99.99999952
 99.99999909
 99.99999977
 99.99999976
 99.99999966
 99.99999875
 99.99999989
 99.99999983
 99.99999889
 99.99999800
 99.99999990
 99.99999988
 99.99999964
 99.99999933
 99.99999986
 99.99999981
 99.99999950
 99.99999962
 99.99999986
 99.99999993
 99.99999966
 99.99999955
 99.99999994
 99.99999995
 99.99999970
 99.99999971
 99.99999994
 99.99999997
 99.99999996
 99.99999982
 99.99999989
 99.99999980
 99.99999950
 99.99999933
 99.99999962
 99.99999947
 99.99999941
 99.99999889
 99.99999944
 99.99999875
 99.99999500
 99.99999833
 99.99999944
 99.99999958
 99.99999993
 99.99999985
 99.99999992
 99.99999992
 99.99999969
 99.99999957
 99.99999958
 99.99999977
 99.99999947
 99.99999923
 99.99999971
 99.99999973
 99.99999833
 99.99999875
 99.99999957
 99.99999983
 99.99999979
 99.99999950
 99.99999980
 99.99999970
 99.99999857
 99.99999900
 99.99999950
 99.99999889
 99.99999937
 99.99999875
 99.99999962
 99.99999941
 99.99999500
 99.99999833
 99.99999900
 99.99999923
 99.99999989
 99.99999981
 99.99999992
 99.99999992
 99.99999958
 99.99999917
 99.99999950
 99.99999970
 99.99999929
 99.99999955
 99.99999978
 99.99999984
 99.99999889
 99.99999941
 99.99999972
 99.99999984
 99.99999929
 99.99999800
 99.99999923
 99.99999933
 99.99999889
 99.99999800
 99.99999960
 99.99999958
 99.99999889
 99.99999667
 99.99999962
 99.99999933
 99.99999875
 99.99999800
 99.99999970
 99.99999975
 99.99999889
 99.99999875
 99.99999963
 99.99999958
 99.99999900
 99.99999952
 99.99999977
 99.99999984
 99.99999800
 99.99999900
 99.99999977
 99.99999986
 99.99999933
 99.99999964
 99.99999989
 99.99999995
 99.99999857
 99.99999000
 99.99999875
 99.99999833
 99.99999857
 99.99999857
 99.99999889
 99.99999917
 99.99999750
 99.99999667
 99.99999963
 99.99999962
 99.99999750
 99.99999750
 99.99999974
 99.99999977
 99.99999857
 99.99999889
 99.99999966
 99.99999962
 99.99999889
 99.99999909
 99.99999963
 99.99999984
 99.99999889
 99.99999944
 99.99999986
 99.99999992
 99.99999947
 99.99999966
 99.99999992
 99.99999997
 99.99999999
 99.99999999
 99.99999997
 99.99999998
 99.99999990
 99.99999995
 99.99999988
 99.99999998
 99.99999986
 99.99999995
 99.99999987
 99.99999985
 99.99999960
 99.99999987
 99.99999978
 99.99999999
 99.99999998
 99.99999998
 99.99999997
 99.99999996
 99.99999993
 99.99999994
 99.99999993
 99.99999993
 99.99999988
 99.99999994
 99.99999992
 99.99999982
 99.99999976
 99.99999989
 99.99999989
 99.99999999
 99.99999995
 99.99999998
 99.99999995
 99.99999988
 99.99999976
 99.99999989
 99.99999975
 99.99999995
 99.99999980
 99.99999995
 99.99999989
 99.99999976
 99.99999950
 99.99999987
 99.99999967
 99.99999998
 99.99999996
 99.99999998
 99.99999997
 99.99999991
 99.99999985
 99.99999990
 99.99999987
 99.99999995
 99.99999991
 99.99999996
 99.99999995
 99.99999982
 99.99999979
 99.99999991
 99.99999993
 99.99999997
 99.99999950
 99.99999987
 99.99999977
 99.99999974
 99.99999941
 99.99999986
 99.99999978
 99.99999981
 99.99999937
 99.99999990
 99.99999986
 99.99999962
 99.99999923
 99.99999988
 99.99999985
 99.99999978
 99.99999964
 99.99999985
 99.99999982
 99.99999968
 99.99999968
 99.99999986
 99.99999991
 99.99999975
 99.99999968
 99.99999991
 99.99999991
 99.99999963
 99.99999970
 99.99999994
 99.99999996
 99.99999974
 99.99999833
 99.99999980
 99.99999923
 99.99999923
 99.99999833
 99.99999974
 99.99999929
 99.99999971
 99.99999909
 99.99999991
 99.99999986
 99.99999944
 99.99999917
 99.99999988
 99.99999987
 99.99999974
 99.99999947
 99.99999982
 99.99999975
 99.99999962
 99.99999944
 99.99999983
 99.99999987
 99.99999980
 99.99999974
 99.99999995
 99.99999995
 99.99999969
 99.99999974
 99.99999995
 99.99999996
 99.99999996
 99.99999971
 99.99999986
 99.99999971
 99.99999947
 99.99999875
 99.99999929
 99.99999947
 99.99999950
 99.99999833
 99.99999966
 99.99999923
 99.99999800
 99.99999500
 99.99999875
 99.99999900
 99.99999994
 99.99999986
 99.99999993
 99.99999992
 99.99999963
 99.99999962
 99.99999968
 99.99999971
 99.99999962
 99.99999937
 99.99999970
 99.99999972
 99.99999909
 99.99999937
 99.99999967
 99.99999977
 99.99999981
 99.99999955
 99.99999976
 99.99999964
 99.99999875
 99.99999800
 99.99999857
 99.99999833
 99.99999933
 99.99999889
 99.99999964
 99.99999917
 99.99999667
 99.99999800
 99.99999941
 99.99999875
 99.99999993
 99.99999986
 99.99999992
 99.99999990
 99.99999952
 99.99999947
 99.99999957
 99.99999976
 99.99999982
 99.99999964
 99.99999987
 99.99999986
 99.99999917
 99.99999933
 99.99999967
 99.99999986
 99.99999875
 99.99999750
 99.99999917
 99.99999857
 99.99999833
 99.99999800
 99.99999937
 99.99999900
 99.99999875
 99.99999500
 99.99999963
 99.99999950
 99.99999889
 99.99999857
 99.99999968
 99.99999975
 99.99999923
 99.99999900
 99.99999937
 99.99999966
 99.99999875
 99.99999941
 99.99999971
 99.99999982
 99.99999937
 99.99999933
 99.99999981
 99.99999989
 99.99999947
 99.99999966
 99.99999989
 99.99999995
 99.99999833
 99.99999500
 99.99999889
 99.99999833
 99.99999500
 99.99999500
 99.99999000
 99.99999889
 99.99999889
 99.99999500
 99.99999978
 99.99999955
 99.99999833
 99.99999857
 99.99999970
 99.99999974
 99.99999900
 99.99999800
 99.99999963
 99.99999964
 99.99999909
 99.99999923
 99.99999964
 99.99999974
 99.99999963
 99.99999958
 99.99999993
 99.99999995
 99.99999933
 99.99999969
 99.99999993
 99.99999997
 99.99999999
 99.99999999
 99.99999997
 99.99999998
 99.99999988
 99.99999994
 99.99999986
 99.99999998
 99.99999984
 99.99999995
 99.99999986
 99.99999985
 99.99999952
 99.99999982
 99.99999979
 99.99999999
 99.99999998
 99.99999998
 99.99999997
 99.99999996
 99.99999991
 99.99999993
 99.99999992
 99.99999994
 99.99999990
 99.99999994
 99.99999990
 99.99999981
 99.99999974
 99.99999986
 99.99999991
 99.99999999
 99.99999994
 99.99999998
 99.99999994
 99.99999987
 99.99999958
 99.99999984
 99.99999968
 99.99999995
 99.99999983
 99.99999994
 99.99999986
 99.99999972
 99.99999950
 99.99999981
 99.99999957
 99.99999999
 99.99999996
 99.99999998
 99.99999997
 99.99999990
 99.99999983
 99.99999990
 99.99999988
 99.99999996
 99.99999991
 99.99999997
 99.99999995
 99.99999981
 99.99999980
 99.99999991
 99.99999993
 99.99999997
 99.99999960
 99.99999985
 99.99999969
 99.99999973
 99.99999937
 99.99999981
 99.99999960
 99.99999977
 99.99999958
 99.99999991
 99.99999983
 99.99999974
 99.99999923
 99.99999988
 99.99999986
 99.99999982
 99.99999964
 99.99999987
 99.99999983
 99.99999974
 99.99999975
 99.99999987
 99.99999986
 99.99999983
 99.99999971
 99.99999993
 99.99999994
 99.99999977
 99.99999973
 99.99999994
 99.99999996
 99.99999978
 99.99999875
 99.99999982
 99.99999957
 99.99999944
 99.99999750
 99.99999962
 99.99999923
 99.99999979
 99.99999947
 99.99999994
 99.99999987
 99.99999923
 99.99999917
 99.99999986
 99.99999980
 99.99999978
 99.99999944
 99.99999986
 99.99999983
 99.99999955
 99.99999955
 99.99999982
 99.99999984
 99.99999985
 99.99999976
 99.99999996
 99.99999996
 99.99999975
 99.99999977
 99.99999995
 99.99999997
 99.99999995
 99.99999974
 99.99999985
 99.99999966
 99.99999923
 99.99999917
 99.99999909
 99.99999875
 99.99999944
 99.99999750
 99.99999950
 99.99999889
 99.99999857
 99.99999833
 99.99999933
 99.99999909
 99.99999995
 99.99999988
 99.99999992
 99.99999990
 99.99999960
 99.99999909
 99.99999955
 99.99999958
 99.99999967
 99.99999937
 99.99999976
 99.99999970
 99.99999955
 99.99999941
 99.99999973
 99.99999973
 99.99999983
 99.99999944
 99.99999976
 99.99999966
 99.99999667
 99.99999500
 99.99999857
 99.99999800
 99.99999952
 99.99999875
 99.99999960
 99.99999947
 99.99999800
 99.99999800
 99.99999800
 99.99999875
 99.99999994
 99.99999986
 99.99999993
 99.99999991
 99.99999923
 99.99999950
 99.99999957
 99.99999977
 99.99999982
 99.99999968
 99.99999989
 99.99999989
 99.99999937
 99.99999900
 99.99999979
 99.99999988
 99.99999800
 99.99999500
 99.99999917
 99.99999750
 99.99999667
 99.99999750
 99.99999875
 99.99999917
 99.99999889
 99.99999833
 99.99999964
 99.99999957
 99.99999923
 99.99999929
 99.99999967
 99.99999972
 99.99999958
 99.99999900
 99.99999955
 99.99999962
 99.99999917
 99.99999941
 99.99999952
 99.99999981
 99.99999955
 99.99999958
 99.99999989
 99.99999990
 99.99999947
 99.99999973
 99.99999991
 99.99999996
 99.99999875
 99.99999500
 99.99999917
 99.99999917
 99.99999667
 99.99999667
 99.99999900
 99.99999833
 99.99999923
 99.99999800
 99.99999981
 99.99999968
 99.99999800
 99.99999667
 99.99999964
 99.99999974
 99.99999955
 99.99999917
 99.99999966
 99.99999967
 99.99999800
 99.99999950
 99.99999962
 99.99999976
 99.99999977
 99.99999933
 99.99999995
 99.99999996
 99.99999955
 99.99999964
 99.99999993
 99.99999997
 99.48805459
 99.70617041
 99.99999995
 98.68421050
 99.99999985
 99.99999990
 99.99999978
 98.95013121
 99.99999979
 99.99999994
 99.99999979
 99.99999977
 99.99999947
 99.99999980
 99.99999958
 99.09200968
 99.99999997
 99.99999998
 99.99999997
 99.99999995
 99.99999989
 99.99999991
 99.99999988
 99.99999993
 99.99999984
 99.99999993
 99.99999990
 99.99999982
 99.99999970
 99.99999985
 99.99999987
 98.26086956
 99.99999992
 99.72972970
 99.99999992
 99.99999984
 99.99999933
 99.99999973
 99.99999969
 99.99999993
 99.99999978
 99.35483865
 99.99999981
 99.99999955
 99.99999833
 99.99999970
 99.99999964
 98.73949578
 99.99999996
 99.99999998
 99.99999996
 99.99999990
 99.99999984
 99.99999987
 99.99999987
 99.38650301
 99.99999990
 99.99999996
 99.99999993
 99.99999982
 99.99999952
 99.99999990
 99.99999990
 98.39142089
 99.99999937
 97.61904739
 99.99999958
 99.99999963
 99.99999947
 99.99999974
 99.99999944
 99.99999978
 99.99999944
 99.99999987
 99.99999978
 99.99999952
 99.99999917
 99.99999985
 99.99999976
 99.99999984
 99.99999969
 98.52941162
 99.99999982
 99.99999963
 99.99999971
 99.99999984
 99.99999985
 99.99999983
 99.99999964
 99.99999991
 99.99999993
 99.99999975
 99.99999963
 99.99999992
 99.99999995
 97.77777756
 93.74999941
 99.99999980
 95.65217350
 99.99999929
 99.99999667
 99.99999923
 99.99999900
 99.99999982
 99.99999952
 99.99999992
 99.99999982
 94.99999953
 99.99999917
 99.99999987
 99.99999979
 98.43749985
 99.99999971
 99.99999985
 99.99999981
 99.99999952
 99.99999937
 99.99999981
 99.99999983
 99.99999988
 99.99999973
 99.61240306
 99.59677415
 99.99999980
 96.87499970
 99.99999995
 99.99999997
 95.32374097
 91.99999963
 99.99999985
 99.99999952
 99.99999875
 99.99999857
 99.99999833
 99.99999889
 99.99999950
 99.99999667
 99.99999947
 99.99999833
 99.99999857
 99.99999500
 99.99999857
 99.99999857
 95.29411761
 95.58823515
 97.53086414
 97.56097549
 99.99999963
 99.99999944
 99.99999957
 99.99999944
 96.42857108
 99.99999952
 99.99999969
 99.99999958
 99.99999933
 99.99999900
 99.99999955
 99.99999969
 90.32258055
 93.74999941
 96.29629612
 99.99999941
 99.99999833
 99.99999000
 99.99999500
 99.99999750
 91.66666590
 99.99999800
 95.65217350
 99.99999800
 99.99999800
 99.99999500
 99.99999833
 99.99999750
 94.48529408
 98.14814797
 97.43589737
 98.93617011
 99.99999944
 99.99999900
 99.99999947
 99.99999962
 94.44444427
 99.99999944
 99.99999986
 99.99999983
 99.99999929
 99.99999917
 99.99999973
 99.99999978
 94.44444392
 99.99999667
 99.99999909
 99.99999750
 99.99999800
 99.99999500
 99.99999800
 99.99999833
 99.99999917
 87.49999891
 99.99999950
 99.99999958
 99.99999833
 99.99999750
 99.99999933
 99.99999967
 99.99999957
 99.99999923
 99.99999958
 99.99999958
 99.99999941
 99.99999933
 99.99999957
 99.99999977
 93.74999971
 99.99999941
 99.99999984
 99.99999990
 99.99999937
 99.99999960
 99.99999990
 99.99999994
 99.99999909
 99.99999000
 99.99999937
 99.99999800
 99.99999750
 99.99999500
 99.99999833
 99.99999667
 99.99999909
 99.99999875
 99.99999977
 99.99999974
 99.99999750
 99.99999500
 99.99999963
 99.99999958
 93.54838680
 99.99999929
 95.45454524
 99.99999957
 91.66666590
 99.99999875
 99.99999967
 99.99999968
 97.67441838
 96.77419324
 98.31460669
 99.54545450
 99.99999964
 99.99999962
 99.99999994
 99.99999997
 95.70707068
 96.82274246
 98.99999990
 93.71257482
 99.99999971
 99.99999980
 99.99999952
 93.37979091
 99.99999944
 98.52941162
 95.99999962
 99.99999957
 99.99999900
 99.99999955
 99.99999875
 95.88828549
 98.69565213
 99.37694701
 98.67549662
 96.74796740
 99.99999982
 99.99999984
 99.99999979
 96.03960387
 97.49999976
 99.99999987
 99.99999977
 99.99999973
 99.99999929
 99.99999958
 99.99999977
 90.37487334
 94.94949485
 96.39175253
 94.99999976
 93.18181797
 99.99999909
 95.23809478
 99.99999917
 97.43589731
 99.99999944
 99.99999983
 99.99999937
 99.99999923
 99.99999800
 99.99999947
 99.99999900
 91.00719423
 96.40287763
 98.05447467
 99.99999991
 99.99999983
 99.99999976
 99.99999976
 99.99999970
 98.16513752
 99.99999980
 99.99999990
 99.99999986
 99.99999966
 99.99999923
 99.99999974
 99.99999978
 95.50561794
 99.99999800
 99.99999974
 99.99999909
 95.99999962
 83.33333194
 99.99999950
 99.99999909
 92.59259225
 99.99999857
 99.99999980
 99.99999950
 99.99999900
 99.99999750
 99.99999947
 99.99999947
 96.20253152
 99.99999955
 97.82608674
 99.99999944
 95.45454502
 99.99999937
 99.99999977
 99.99999977
 97.72727251
 99.99999952
 99.99999987
 99.99999980
 99.99999968
 99.99999941
 99.99999981
 99.99999989
 92.30769213
 99.99999875
 99.99999967
 99.99999667
 99.99999909
 99.99999000
 99.99999917
 99.99999875
 99.99999968
 99.99999857
 99.99999982
 99.99999955
 99.99999900
 99.99999750
 99.99999952
 99.99999950
 98.33333317
 99.99999958
 97.82608674
 96.96969668
 99.99999941
 94.11764651
 99.99999972
 99.99999971
 94.99999984
 99.99999960
 97.97979788
 98.01980188
 99.99999963
 99.99999941
 98.76543198
 99.99999990
 85.07462683
 84.61538429
 90.90909070
 94.11764651
 72.72727207
 99.99999000
 99.99999750
 99.99999000
 92.30769160
 99.99999500
 99.99999833
 99.99999500
 99.99999000
 99.99999500
 99.99999500
 99.99999000
 89.62655598
 90.90909074
 95.95959586
 97.91666646
 99.99999929
 99.99999750
 99.99999917
 99.99999875
 96.66666634
 88.88888790
 85.71428510
 99.99999889
 99.99999800
 99.99999800
 99.99999857
 99.99999909
 81.81818173
 88.88888790
 96.42857108
 99.99999833
 79.99999840
 99.99999500
 99.99999667
 99.99999000
 91.66666590
 99.99999800
 99.99999937
 99.99999833
 99.99999000
 99.99999000
 99.99999000
 99.99999000
 81.69014081
 93.02325560
 95.29411753
 93.33333313
 91.66666590
 88.88888790
 99.99999889
 99.99999900
 93.02325560
 86.66666609
 99.99999960
 99.99999947
 99.99999833
 79.99999920
 99.99999933
 99.99999944
 92.30769160
 99.99999500
 99.99999889
 99.99999833
 99.99999750
 99.99999750
 99.99999750
 99.99999800
 77.77777691
 99.99999667
 99.99999917
 99.99999833
 99.99999800
 99.99999000
 99.99999750
 99.99999875
 86.95652136
 99.99999800
 99.99999937
 99.99999933
 99.99999900
 99.99999923
 99.99999917
 99.99999941
 95.45454502
 99.99999917
 97.05882324
 96.77419324
 99.99999889
 99.99999909
 99.99999974
 99.99999985
 76.47058779
 79.99999840
 99.99999923
 99.99999667
 99.99999500
 99.99999000
 99.99999500
 99.99999500
 94.11764651
 99.99999833
 99.99999947
 99.99999900
 66.66666556
 99.99999000
 91.66666590
 99.99999909
 80.55555533
 91.66666590
 93.54838680
 99.99999941
 93.74999941
 99.99999800
 95.83333293
 95.65217350
 93.18181797
 99.99999950
 95.99999987
 97.19626159
 94.73684161
 91.66666590
 94.91525408
 98.22485201
 84.43708606
 85.52915765
 92.30769195
 82.99711813
 94.73684161
 99.99999909
 99.99999857
 81.27090298
 99.99999750
 99.99999958
 74.99999813
 99.99999857
 99.99999833
 99.99999800
 99.99999750
 86.06635070
 86.17886172
 98.27586198
 99.99999978
 93.02325571
 99.99999968
 95.99999962
 99.99999917
 89.58333315
 99.99999941
 99.99999947
 99.99999917
 94.44444392
 99.99999800
 99.99999917
 91.66666590
 75.02691065
 91.99999982
 85.48387083
 76.92307633
 82.85714262
 99.99999667
 89.99999910
 99.99999667
 80.48780468
 99.99999500
 95.23809478
 99.99999750
 99.99999833
 99.99999500
 99.99999667
 99.99999500
 80.53691273
 91.95402288
 97.49999988
 96.15384578
 90.62499972
 99.99999917
 92.85714219
 99.99999937
 95.12195099
 99.99999917
 99.99999967
 91.66666590
 99.99999750
 99.99999833
 99.99999909
 99.99999933
 77.27272725
 83.33333194
 94.73684161
 99.99999500
 99.99999875
 99.99999800
 99.99999667
 99.99999000
 93.33333271
 99.99999667
 99.99999889
 99.99999889
 99.99999667
 99.99999000
 99.99999833
 99.99999750
 86.95652155
 99.99999929
 99.99999968
 99.99999889
 94.11764651
 87.49999891
 93.33333271
 93.33333271
 89.65517210
 85.71428510
 99.99999957
 85.71428510
 93.33333271
 99.99999500
 99.99999941
 96.15384578
 71.08433726
 57.14285633
 79.99999947
 89.99999910
 88.88888790
 88.88888790
 99.99999667
 99.99999500
 77.27272692
 99.99999667
 94.11764651
 99.99999750
 74.99999906
 99.99999500
 99.99999889
 99.99999500
 72.72727262
 74.99999963
 93.10344795
 99.99999857
 94.44444392
 99.99999833
 87.49999945
 91.66666590
 73.91304316
 99.99999909
 99.99999964
 96.29629594
 88.88888840
 99.99999875
 93.10344795
 99.99999969
 67.97385619
 76.92307633
 77.27272692
 99.99999000
 66.66666556
 99.99999667
 99.99999500
 99.99999500
 64.28571383
 99.99999000
 99.99999667
 99.99999667
 99.99999000
 99.99999000
 99.99999000
 99.99999500
 67.00507611
 77.77777749
 94.44444418
 99.99999950
 85.71428510
 99.99999750
 99.99999000
 99.99999750
 86.66666609
 99.99999800
 74.99999813
 99.99999000
 74.99999906
 99.99999000
 74.99999813
 99.99999750
 63.36633657
 59.99999940
 90.90909008
 79.99999840
 49.99999875
 49.99999875
 49.99999875
 99.99999000
 81.81818107
 79.99999840
 99.99999800
 99.99999000
 99.99999000
 99.99999000
 99.99999000
 99.99999000
 64.24581002
 70.37037011
 78.37837817
 99.99999929
 63.15789440
 66.66666556
 99.99999900
 99.99999750
 82.60869529
 69.99999930
 89.99999910
 79.99999840
 74.99999813
 99.99999000
 99.99999000
 66.66666556
 73.68421014
 59.99999880
 74.99999813
 99.99999000
 74.99999813
 49.99999750
 49.99999750
 99.99999000
 71.42857092
 99.99999500
 99.99999667
 99.99999500
 74.99999813
 99.99999000
 99.99999750
 99.99999750
 90.90909063
 99.99999833
 79.99999920
 49.99999750
 57.14285633
 85.71428449
 99.99999667
 99.99999857
 72.72727240
 71.42857041
 99.99999950
 99.99999500
 83.33333194
 87.49999891
 88.88888790
 88.88888840
 66.66666648
 74.99999813
 79.99999920
 79.99999920
 33.33333222
 33.33333222
 99.99999000
 99.99999000
 59.99999940
 99.99999500
 89.99999910
 74.99999813
 74.99999813
 74.99999813
 99.99999500
 99.99999500
 55.35714276
 99.99999750
 63.63636335
 74.99999813
 66.66666630
 71.42857041
 69.99999930
 99.99999667
 59.25925904
 74.99999953
 74.99999969
 79.41176447
 77.77777691
 99.99999909
 89.28571397
 88.37209282
 68.14701377
 69.62025316
 93.33333271
 69.59706959
 92.30769160
 85.71428510
 99.99999750
 68.52941175
 76.92307633
 77.77777691
 99.99999667
 99.99999889
 99.99999500
 99.99999000
 99.99999000
 71.63149350
 80.39215681
 84.41558431
 95.45454502
 73.38709672
 99.99999955
 93.33333271
 83.33333194
 87.23404237
 81.81818107
 83.33333194
 99.99999667
 89.99999910
 79.99999840
 99.99999833
 87.49999891
 62.14713430
 59.99999988
 67.60563371
 74.99999813
 72.05882342
 49.99999875
 99.99999750
 99.99999750
 56.81818169
 99.99999000
 74.99999906
 99.99999667
 66.66666444
 99.99999000
 99.99999000
 99.99999000
 58.44845908
 67.74193541
 69.99999986
 66.66666611
 66.03773572
 74.99999906
 53.33333298
 53.33333298
 62.22222208
 82.35294069
 74.99999906
 99.99999857
 99.99999500
 99.99999667
 99.99999750
 79.99999840
 67.36111110
 76.19047583
 73.52941155
 49.99999750
 79.31034455
 49.99999750
 99.99999500
 99.99999667
 65.38461513
 99.99999750
 83.33333194
 59.99999880
 99.99999857
 99.99999000
 99.99999000
 99.99999500
 74.50980385
 91.66666590
 80.76923046
 71.42857041
 89.99999970
 87.49999891
 85.71428449
 99.99999750
 78.94736801
 99.99999875
 85.71428449
 99.99999833
 99.99999833
 74.99999813
 99.99999800
 88.88888790
 51.97368418
 62.49999961
 57.14285687
 49.99999750
 70.37037011
 83.33333194
 83.33333194
 49.99999750
 69.23076896
 99.99999833
 69.99999930
 99.99999500
 66.66666444
 66.66666444
 57.14285633
 33.33333222
 57.37704913
 68.74999957
 70.83333304
 74.99999813
 57.69230747
 79.99999840
 55.55555494
 99.99999750
 64.51612882
 66.66666556
 78.57142801
 83.33333194
 79.99999920
 79.99999840
 53.33333298
 83.33333287
 51.73553718
 59.99999970
 76.19047583
 57.14285633
 54.54545405
 99.99999500
 99.99999500
 99.99999500
 44.99999977
 44.99999977
 44.99999977
 44.99999977
 99.99999000
 99.99999000
 99.99999000
 99.99999000
 52.27272726
 62.06896530
 68.18181787
 79.99999840
 65.21739102
 99.99999667
 49.99999875
 99.99999500
 74.99999963
 57.14285633
 66.66666444
 66.66666444
 99.99999000
 99.99999500
 99.99999500
 99.99999000
 39.88095236
 36.36363603
 85.71428449
 85.71428449
 36.36363603
 36.36363603
 99.99999000
 99.99999000
 49.99999950
 49.99999950
 49.99999950
 99.99999000
 99.99999000
 99.99999000
 99.99999000
 99.99999000
 40.89068824
 47.36842080
 43.74999973
 66.66666556
 52.63157867
 52.63157867
 99.99999500
 66.66666444
 26.31578934
 49.99999875
 66.66666556
 49.99999750
 49.99999750
 99.99999500
 49.99999750
 49.99999875
 46.15384604
 39.99999920
 44.44444395
 44.44444395
 99.99999833
 99.99999000
 99.99999000
 99.99999000
 38.46153817
 38.46153817
 99.99999667
 99.99999667
 49.99999750
 49.99999750
 49.99999750
 99.99999000
 62.96296285
 79.99999920
 74.99999906
 79.99999840
 49.99999938
 49.99999750
 49.99999750
 49.99999750
 49.99999977
 59.99999880
 79.99999840
 99.99999667
 62.49999922
 99.99999800
 74.99999813
 88.88888790
 62.16216199
 24.99999938
 79.99999840
 99.99999000
 45.45454504
 99.99999000
 99.99999000
 99.99999000
 33.33333306
 49.99999750
 85.71428449
 85.71428449
 85.71428449
 85.71428449
 33.33333222
 66.66666444
 41.83673465
 53.33333298
 54.99999972
 74.99999813
 59.99999960
 59.99999880
 74.99999813
 33.33333222
 51.72413775
 55.55555494
 38.46153817
 74.99999938
 28.57142816
 42.85714224
 79.99999920
 76.47058779
